8.888827269565247047e-02 7.238381220026447460e-01
8.730715989967254009e-02 6.613300954643496210e-01
9.177338029304057954e-02 8.102197102244472759e-01
8.690879149696406625e-02 6.001530134356370949e-01
8.470598174766075239e-02 5.511214164487290290e-01
8.747426828643184438e-02 6.868401358459261807e-01
8.873098160915639243e-02 6.976114693917978560e-01
8.597691333874050990e-02 6.682319306122239677e-01
8.374299356966487251e-02 5.386096606782809770e-01
8.764531811676341821e-02 6.916764127441925591e-01
8.133864328713731606e-02 4.221125006029187721e-01
8.458848579810004931e-02 6.099399251769868080e-01
8.999770744712923265e-02 8.533755596189973591e-01
6.738332779487962720e-02 2.323725057671220950e-01
6.918319654917075290e-02 2.023205498672631941e-01
6.726582567356292897e-02 4.668427231465611116e-01
7.052662252997092540e-02 4.188100293931132367e-01
7.559268221315859626e-02 6.121281660352708709e-01
7.501708228661961575e-02 5.875585682664066223e-01
7.217497058597235893e-02 5.768464514337874327e-01
7.135403953520474962e-02 6.529389397501672576e-01
7.051258850391382837e-02 6.905871981362166068e-01
6.730881619007426930e-02 6.179329931994557157e-01
6.634666290595872540e-02 3.718521626659312407e-01
6.606482341702429872e-02 4.281583859734335862e-01
6.814865048015540661e-02 3.468080268895104568e-01
7.103480723370129979e-02 1.761500592601599469e-01
6.768740834068334711e-02 3.352774137858526293e-01
5.825488329733341519e-02 7.336665376494193591e-01
5.510655022846236428e-02 5.150237697641036894e-01
6.151530304241580732e-02 3.134069058187666235e-01
6.963644435848181935e-02 1.835726682565221035e-01
6.948449189719464736e-02 2.313710739100136027e-01
6.986965338233842859e-02 2.819689101266816267e-01
6.606866905553290814e-02 2.572492202970648179e-01
7.467439854737031868e-02 4.125183258947773823e-01
7.011839135810436774e-02 3.528619337946625745e-01
8.214377010428375314e-02 8.669480661131384602e-01
8.970651173124145894e-02 9.698516829466895528e-01
8.558586133088719183e-02 8.837936015954959146e-01
8.054359137900878041e-02 9.238759040027268998e-01
7.829727065513221451e-02 6.936567148192729348e-01
7.972737685026107246e-02 6.797094004448934745e-01
6.864308449032091586e-02 5.475694033407182415e-01
7.204046980768774588e-02 8.864303857327211489e-01
7.614694118009186774e-02 9.887953018882574829e-01
7.555376094777101204e-02 1.157092681621330499e+00
7.040616861990234288e-02 7.169119543326128996e-01
6.909207414754843513e-02 2.423415427557301938e-01
6.872475740694405921e-02 2.976175236997545270e-01
7.021777852363830785e-02 4.296520983369698232e-01
6.016046606751576653e-02 2.079328861613082002e-01
6.274641398914378165e-02 1.960828424198873821e-01
7.014869031851102277e-02 5.706507122468595927e-01
6.896973965158545439e-02 4.341548614357217950e-01
6.756607719127724621e-02 3.607885871440001391e-01
6.497492544652178070e-02 3.824128972834816564e-01
6.504762714251233202e-02 4.729441925975436667e-01
6.893780560521256540e-02 6.865935616221715554e-01
6.831033309422472610e-02 3.769679096501857285e-01
7.434055850504976692e-02 6.625220085279740490e-01
7.446710908967997533e-02 5.591821633380738010e-01
7.979161425984307443e-02 7.585763744774426387e-01
7.628029481228679187e-02 7.326233847542378275e-01
7.336603133885383210e-02 5.157518860947285511e-01
7.675051428265963760e-02 5.950322997856221097e-01
7.476965125099539755e-02 4.850090447978523400e-01
7.742857057544212662e-02 6.737231413260695856e-01
6.905378926323321731e-02 5.580403501268247357e-01
6.849163607576735924e-02 4.481380112756214174e-01
6.973121266028234344e-02 3.630575985341933376e-01
6.216397774839779733e-02 2.364690768656683983e-01
6.335953004865522986e-02 2.849735078321589121e-01
6.630337999191056320e-02 3.804541745289491961e-01
6.356942759918386698e-02 2.886722441978963882e-01
6.421790893392997912e-02 1.596009519577807900e-01
6.037290488331420457e-02 7.619842692085042335e-02
5.815692351836836138e-02 3.157956816578980086e-01
6.094692171174075079e-02 2.783783899110824356e-01
5.908325308825707750e-02 2.811395255683849514e-01
6.356173886777220783e-02 5.012915591459209813e-02
6.221741451040210119e-02 1.295384217365941337e-01
5.725070785236999193e-02 2.462254226297071191e-01
5.838786470362772318e-02 2.509283663996966784e-01
6.255859613757357163e-02 4.161555114518913912e-01
6.066874886810664363e-02 3.721792498573190944e-01
6.242981245016051423e-02 3.644922905318678796e-01
6.249760870810176783e-02 2.027514058742512226e-01
6.285087305111426714e-02 4.232734358730271818e-01
6.596534001471947295e-02 3.892684376430104454e-01
6.683637450052955231e-02 4.749155523269828483e-01
6.523719038305618445e-02 3.672877832138813914e-01
6.514322249769330386e-02 4.816484409654226972e-01
6.454828846499457984e-02 4.643599973412753101e-01
5.981226547529672199e-02 3.323914640906649454e-01
5.564108688710874689e-02 1.209497021420365970e-01
5.332811146142298758e-02 3.077676148158487446e-01
4.916532286457480500e-02 5.233653468844569057e-01
4.509761429232266028e-02 4.244708178315618752e-01
4.370516226778520946e-02 4.285191699458691383e-01
4.334010500775113683e-02 3.520849085253265343e-01
4.195917540760939896e-02 4.010908801108276078e-01
4.088517539116881538e-02 2.180173440852486710e-01
3.993005750226046036e-02 2.835452125570174786e-01
3.744692356332312427e-02 3.264643718425074836e-01
4.163419642983922503e-02 4.804833606549916425e-01
3.870243145879512237e-02 5.893302776568952739e-01
3.567004716479516002e-02 6.047334348708078844e-01
3.289015377451903061e-02 8.458600740266052354e-01
3.172098552551886469e-02 8.320683224743242734e-01
3.308227608461517671e-02 4.069969052827749900e-01
3.161478743515566681e-02 3.640466056037360842e-01
3.019122463408611262e-02 5.899899979627397650e-01
3.058301412918462345e-02 8.673712319780847446e-01
2.945276676844884797e-02 9.794921689175394297e-01
3.211475847148369256e-02 7.128312586707995502e-01
3.041946661789646927e-02 7.376567176461599207e-01
2.672459966201921194e-02 7.891841294764335712e-01
2.869285501212579664e-02 8.242347767791345925e-01
3.022111015908877235e-02 8.926682883055790940e-01
2.948828793423289782e-02 1.009610017755027345e+00
1.937569209385638092e-02 9.432627900131376197e-01
1.770980324532395872e-02 9.785745726777019815e-01
1.455004080571930397e-02 6.517087897814216602e-01
1.728366825489721648e-02 8.037424772040778764e-01
1.489546402841713559e-02 8.606938289737930958e-01
7.561573990626729337e-03 6.394585843647022649e-01
7.916368893250988817e-03 7.564812086401294655e-01
3.995831259332120050e-03 6.589199666710088277e-01
1.308928569290035426e-02 9.968584648584383201e-01
8.773706212989592149e-03 7.581780329307132860e-01
1.095220013046810902e-02 8.989721756433146638e-01
7.332789689816834010e-03 7.924720699713598826e-01
1.382470715614776864e-02 1.042618596240898698e+00
5.684103355342403317e-03 7.310132362137702344e-01
9.888164847993477155e-03 6.716110314913381618e-01
1.817448386770076016e-02 5.839271877881607731e-01
2.123619270772861625e-02 7.179818147669724260e-01
2.164728106372752411e-02 7.855196303909171007e-01
2.546992196810322906e-02 6.907012697702782367e-01
2.477927757311178258e-02 3.580020384735836947e-01
2.507086773818625880e-02 2.995338981782214582e-01
2.026948048494808807e-02 3.340856576149230373e-01
2.017336329537669504e-02 3.976949473332073715e-01
2.115931040649034894e-02 3.192218565784588069e-01
2.036571471086678214e-02 3.394754791346972222e-01
1.978853271832056032e-02 3.263737615821180049e-01
1.985841497682676315e-02 4.363665025424019461e-01
2.024986865582216813e-02 4.764822903656035225e-01
1.802608723139327573e-02 4.462486290780896536e-01
1.545260748603594601e-02 5.415408096895470980e-01
1.553927793675254597e-02 4.879073284771436869e-01
1.321081193807692108e-02 4.136437655487043008e-01
1.632111655710993467e-02 4.251232535638566068e-01
1.870486164105093427e-02 4.038773467576619591e-01
2.149026453928401525e-02 5.393114638907665626e-01
2.230839038540256489e-02 4.296988601535421393e-01
2.425564376219458210e-02 3.895728656696716974e-01
2.495768291761486443e-02 3.705133040808454292e-01
2.531621636675549653e-02 3.012942774076579622e-01
2.475201308262315117e-02 3.123746309779159014e-01
2.547580973656444689e-02 2.969475027910963294e-01
2.480865911177295574e-02 3.495055918876033285e-01
2.250130940010272237e-02 3.995704787756410581e-01
2.645342633227335330e-02 5.001460509059426629e-01
2.135474158789146468e-02 3.723824445110363590e-01
2.121850136670994438e-02 1.942122558130443266e-01
2.243460060824717037e-02 2.752702051389976923e-01
2.399491899270228545e-02 4.785275938158278231e-01
2.508327954440532290e-02 4.393932009009596795e-01
2.321966251655005128e-02 3.518957195372123814e-01
2.151670455849187535e-02 2.670048773992906299e-01
2.033172602861418182e-02 3.953869438564032168e-01
2.430301185474915970e-02 4.015170398597809887e-01
2.347993583009075694e-02 2.746989893638944191e-01
2.050240573242800499e-02 1.737015683843604608e-01
2.343405834855621581e-02 3.824702310095884350e-01
1.903857492042076993e-02 2.231652479146853107e-01
2.152694038561240794e-02 2.881001088365263141e-01
1.706003531116747143e-02 1.513318671764732615e-01
2.228727110117136034e-02 2.320961798984900182e-01
2.152617817475757644e-02 1.609207920241835788e-01
2.428790960645409169e-02 3.183754747060675849e-01
2.340636905178713340e-02 2.570437146382111848e-01
2.021078210217801263e-02 3.298605773216777282e-01
2.841356202535662290e-02 4.213206471350037785e-01
2.512234064897464481e-02 3.454669409729640428e-01
2.228712311516799563e-02 1.903235283076918638e-01
2.811619108020462984e-02 1.458799653671515872e-01
3.079879246112771779e-02 2.998316995125526740e-01
2.741468051469770836e-02 9.605819155058645253e-02
2.647145397846844064e-02 1.566262888499964090e-01
2.106138251431937183e-02 3.165267535237672458e-01
2.817254528105130051e-02 2.098520749425229204e-01
2.923393068698634106e-02 2.335579958184569871e-01
2.994270464722941297e-02 2.998700258071276825e-01
2.362530865147232512e-02 2.290227125431194277e-01
2.967724154954992297e-02 3.294158989609500265e-01
2.891838028859958568e-02 4.289933002611816537e-01
3.038102701078269907e-02 2.275512294410561021e-01
2.434096612373197813e-02 6.056209371320591117e-01
3.031990776838870694e-02 2.471688330964846303e-01
3.203968833959432855e-02 5.026755978046716367e-01
2.738602750176872408e-02 4.446107565674836115e-01
2.885774410825567987e-02 4.722574835720402264e-01
2.530824135988797921e-02 3.808183718956694164e-01
2.894757682074094313e-02 4.021982196987448632e-01
2.509308895970437103e-02 3.958799959602488650e-01
2.493893668393715179e-02 4.070441512783812277e-01
2.297962976258540249e-02 3.884513749076225486e-01
2.104237977244926422e-02 3.546530006892806286e-01
2.148467030930744509e-02 1.682594319294666574e-01
2.335281191038488316e-02 2.332684599476426979e-01
2.056677352611811782e-02 2.647719754313530016e-01
1.924591956013212840e-02 2.730780604678824663e-01
1.622335926808475548e-02 1.529343244445419137e-01
1.777017717338938430e-02 9.640887889752429440e-02
2.003961827524938788e-02 7.403829979129274153e-02
1.815835953099269318e-02 8.594025101317884219e-02
2.545608103145555190e-02 2.689862582713041794e-01
2.472903951781065326e-02 2.655714411833248190e-01
2.024287641387491343e-02 2.248311165586235616e-01
1.790752020381631768e-02 2.863597139588879847e-01
2.040637420734784171e-02 1.108780169644786318e-01
2.051909523241344721e-02 1.876114885160196366e-01
2.337126823341588097e-02 5.262388912891556580e-02
2.185666648928591069e-02 2.147031435531754073e-01
2.228654300109198655e-02 1.389472398004783782e-01
1.909933505708579296e-02 1.847200155985224412e-01
2.089521479806618828e-02 1.263054723390572842e-01
1.833603147356588359e-02 1.691615499013179591e-01
2.008038598981354284e-02 1.933325075010415284e-01
2.067785476089450958e-02 2.510743225536500312e-01
1.834240403236266082e-02 2.507913291491221663e-01
1.873931545008714061e-02 1.734854109206639683e-01
1.994058642291570219e-02 1.557544170750422563e-01
1.911140391904599806e-02 1.994136670462954841e-01
2.060253871354105967e-02 1.636565697610704029e-01
2.026659501817665993e-02 1.325181532402758267e-01
1.882185497038978486e-02 2.212050215980133905e-01
2.137880359749272374e-02 1.451711472920998725e-01
2.457722590979915384e-02 1.711721740357071697e-01
2.407367870991123857e-02 1.673650800644944092e-01
2.498473306664469873e-02 2.975704087319339664e-01
2.112589944585025609e-02 2.349828546409749863e-01
2.376508598853255966e-02 9.021041039941871120e-02
2.057777062320591960e-02 1.431532249695628145e-01
2.224786008214948291e-02 1.633169091799804573e-01
2.127650732464042224e-02 1.019659898545459409e-01
1.910642211763342174e-02 2.702324062825453566e-01
1.933209685131396377e-02 2.466430321189174435e-01
1.508632201172713586e-02 1.543540592086678487e-01
2.264092624793715910e-02 1.490502878601308034e-01
1.973415080223330995e-02 1.683544728511541799e-01
1.974301631711625898e-02 1.463022039512517913e-01
2.331411241014550925e-02 2.620695082007841736e-01
1.752946525361972346e-02 1.700931806562193671e-01
2.363760398577095800e-02 1.926328850052628217e-01
1.910801554204712149e-02 1.555522069705744803e-01
1.799577543353238218e-02 2.297021530136947043e-01
1.863420176442200787e-02 2.601223758511158612e-01
2.241639228380521570e-02 5.669209500616447794e-01
1.854973361368113943e-02 2.458650851349975797e-01
2.000971764382956583e-02 2.730645022190977267e-01
2.072691806900750153e-02 2.058430335186573479e-01
1.692391106105387358e-02 2.559476953186213821e-01
2.016618002743585103e-02 2.809292373178397528e-01
2.032001737781550382e-02 1.627186384753853965e-01
2.265186571517140146e-02 2.013691947900396462e-01
2.568144404301876682e-02 1.572757342376192025e-01
3.323709348572002897e-02 4.836227337623909550e-01
2.681574617817116327e-02 5.552225387564683201e-01
2.667440339463370697e-02 4.223458026929329256e-01
2.176065334141460972e-02 1.925066826045799262e-01
2.718280942547393955e-02 3.582354897214862222e-01
2.496603178690607119e-02 3.049637117296779554e-01
2.532655552989828557e-02 1.436904030220631512e-01
2.823534325649201815e-02 1.453682978530680403e-01
2.906062197908823586e-02 3.415589212500652061e-01
2.747149512358893972e-02 1.497791250448868017e-01
2.893655554405616392e-02 3.310589753713947259e-01
3.244733107369073000e-02 5.248189001222292038e-01
3.126973452491919186e-02 4.394984526501821698e-01
2.421843173364526813e-02 3.329098630841781370e-01
3.002309174262920988e-02 2.195558182314729101e-01
3.900262849259913955e-02 6.228309096074490236e-01
3.080368252427097622e-02 2.098107983561222079e-01
2.843393479868339471e-02 1.151008053584360452e-01
3.311340571078785766e-02 4.463549470830164845e-01
4.490391472092998548e-02 8.354665136018254445e-01
2.861915584052928535e-02 3.028132069464148923e-01
2.497372758099225890e-02 2.330049223064980524e-01
2.298100224081986789e-02 2.443594464467383209e-01
2.500812045331151159e-02 1.185907940392366827e-01
2.594516342656203595e-02 2.279728988343881213e-01
3.022822185594482153e-02 1.966364961170710413e-01
2.864735670505455870e-02 2.632542622064855120e-01
2.521526176101246061e-02 1.742809728764418142e-01
2.581938702695505891e-02 2.189860367863737667e-01
2.814109854499872304e-02 4.444506550641585951e-01
3.815786953783371210e-02 2.672255498168225052e-01
3.974084466022002188e-02 3.958742559918020376e-01
3.578797418197705860e-02 1.643925716340865206e-01
3.910878003604354586e-02 3.775990613096621429e-01
3.450118348539434748e-02 7.696866392651316446e-02
2.028315758122277435e-02 5.556278832066019469e-01
2.036221132531223013e-02 4.134337050179601736e-01
2.655325368652655671e-02 6.178645890801908180e-01
2.634020088668700618e-02 4.372395943301706223e-01
3.079213280477145417e-02 4.149887173562112896e-01
3.191696709849776992e-02 1.519154297146599053e-01
3.915235866028573403e-02 2.902927179530536694e-01
3.602520028278030639e-02 2.270902457812979669e-01
3.933107263031399708e-02 4.281550700595038172e-01
4.379419948053666495e-02 5.630209518521288592e-01
4.095221997808425052e-02 5.694421355816103869e-01
4.683275136200489019e-02 5.129480533544855669e-01
4.667412041121648397e-02 5.561429853521342448e-01
3.868839531204354421e-02 3.112043966333716272e-01
4.904509306095451021e-02 7.952160824902617664e-01
4.681242450218423001e-02 8.892338267686500375e-01
4.885566484350687549e-02 6.084671772825605007e-01
4.748573187882574459e-02 5.936751480672068926e-01
3.849572803674550930e-02 2.975877114148016145e-01
3.558046081560731905e-02 3.552063548699279649e-01
3.727163250821329682e-02 1.665279775770876491e-01
3.351971879679738198e-02 3.685382565920439779e-01
3.194147448419910190e-02 4.167303315520882734e-01
2.205142390303999750e-02 7.348166358968047929e-01
3.179708763301008351e-02 6.306171325681446671e-01
3.216425959750815466e-02 5.407366406332784203e-01
3.577257831074955735e-02 2.524517462829462544e-01
3.978774240569552673e-02 2.342487156327555109e-01
3.763910153931529501e-02 3.184509124566565208e-01
3.756059771368826933e-02 3.952848208542335540e-01
3.601061842084386094e-02 4.641964506885254971e-01
2.804230558066513057e-02 9.422758919288404256e-01
3.560568443611736994e-02 6.985167412026489497e-01
3.059273744626607450e-02 8.807916550467396188e-01
2.766510246986525132e-02 8.395521733929094399e-01
2.832324291177909514e-02 6.653380829784415473e-01
2.391058898481140255e-02 8.234226186925398538e-01
2.442400301385863962e-02 9.327424162505463245e-01
2.484329959784930750e-02 8.260231261301925754e-01
2.594961299993318177e-02 7.958422125075698128e-01
2.541766634213736206e-02 8.311133687692010552e-01
2.674186772515937949e-02 8.607862743641381265e-01
2.743315485450969343e-02 7.004140914202000578e-01
3.009393612630793108e-02 6.447353768634666027e-01
2.979429853063298578e-02 6.757589885756057901e-01
3.661806210446796883e-02 4.811029741368720303e-01
3.688980417686412577e-02 4.587615668783218137e-01
3.903413131916282780e-02 4.579682471010277367e-01
3.546889248059837546e-02 5.191714926071862024e-01
3.725944011791442606e-02 4.633311897217223807e-01
3.424573763704893276e-02 6.657851112999056964e-01
3.451242568979124431e-02 5.570106367886029641e-01
3.994828045362804059e-02 4.197914305339266461e-01
3.778973520013757803e-02 4.504523729943553656e-01
4.115764358661676975e-02 3.989484899469825097e-01
4.164363811285678313e-02 5.599045635684042344e-01
4.037010694615619788e-02 5.329316162843762417e-01
3.972320531538094113e-02 6.024555850675750168e-01
3.571827399638203421e-02 7.322799909699251319e-01
3.138471176271557389e-02 8.300925751472261194e-01
3.492992179129243008e-02 9.360157626825241772e-01
2.707496762004680396e-02 9.400308428074412026e-01
3.372869875006904994e-02 9.187003868639002091e-01
2.919361732321719763e-02 9.974196621728312895e-01
3.535092237747883975e-02 8.112576428299090869e-01
5.121205077569172814e-02 8.645050077338807260e-01
2.348599807009347021e-02 1.294212798267920572e+00
3.878475358716177573e-02 1.595656689849148879e+00
2.384908998793387747e-02 1.881192369262910224e+00
2.374861647120880132e-02 1.920011116033260912e+00
3.248783546120317944e-02 1.295643066186200620e+00
2.525772437547380012e-02 1.500269037731749799e+00
8.527856339759175286e-02 4.510804948051800323e-01
3.878692543384881092e-02 1.657638621360700615e+00
5.136012095149447565e-02 1.405989857290200984e+00
7.819179908649402655e-02 7.165383785830762298e-01
7.425055572255936931e-02 8.933180712694215320e-01
8.952253486941010030e-02 1.165347542491332433e+00
9.868844804663305659e-02 5.483144416506001706e-01
9.834437912445820329e-02 8.261653971576837785e-01
1.019606718497617498e-01 3.937259783033724148e-01
9.276281767577777837e-02 8.469589419693596133e-01
8.582476511271523723e-02 1.029152481440167577e+00
8.742317707422375683e-02 7.762358489529012084e-01
8.405959951848809841e-02 9.334651476005004778e-01
9.217443647939167761e-02 6.798244696954877098e-01
8.933267769799728419e-02 9.864376954045381840e-01
9.327861557474875775e-02 8.283322948319954415e-01
8.617948248490608920e-02 1.147010472500733291e+00
8.817633615723785567e-02 1.080452960263498685e+00
9.078256771867979080e-02 9.133534174299092756e-01
9.041897553131762744e-02 9.308216926236140276e-01
8.415072369494426552e-02 1.149357585964356332e+00
8.752542034021600081e-02 1.106221829806660173e+00
9.874448436057736700e-02 8.646038773296409463e-01
9.288170869459701218e-02 8.541637184914294689e-01
9.046827541965986319e-02 1.001642775161430965e+00
8.800053372074821689e-02 1.174166049360360065e+00
8.462135272319079582e-02 1.259612123826126195e+00
9.128510111749764400e-02 1.015766881479349237e+00
