-3.132722762195635363e-02 -7.753233693721006681e-01 -6.952412284951206001e-01
-2.900965255500624965e-02 -7.746309516177791732e-01 -6.914617117391077539e-01
-2.906923397742926934e-02 -7.745540994756299202e-01 -6.901513560439191952e-01
-2.830432271946211470e-02 -7.722342350270302580e-01 -6.872837414259258537e-01
-3.350735744150616646e-02 -7.769240560989320032e-01 -6.862522639856897255e-01
-2.772641530423491235e-02 -7.743047329732863915e-01 -6.831912387876892812e-01
-2.629434276553045333e-02 -7.749427041717231734e-01 -6.813678744963395095e-01
-2.645603990330473720e-02 -7.731257478036721587e-01 -6.811733163640049105e-01
-2.841655429439551156e-02 -7.733840479627471787e-01 -6.798728206232722560e-01
-2.864688919582881674e-02 -7.760372671425481705e-01 -6.782861224943420586e-01
-3.004776899746601157e-02 -7.730909574426119146e-01 -6.700263973760114400e-01
-3.108879912826692862e-02 -7.741219652569228948e-01 -6.654552613284338003e-01
-3.524647395288914992e-02 -7.739496846357387660e-01 -6.588720423262315329e-01
-2.789847530690629795e-02 -7.759869394922783714e-01 -6.405537024843349636e-01
-2.939161777179952542e-02 -7.793125917802392610e-01 -6.364391564567540849e-01
-2.891751295093863972e-02 -7.810197597950921944e-01 -6.146262340850185968e-01
-2.605688750252810326e-02 -7.832102894185951625e-01 -6.013670479229999977e-01
-2.661655832700911273e-02 -7.825446035247134446e-01 -5.849164635527529521e-01
-2.509858958801381573e-02 -7.879245742871407998e-01 -5.552209225599467057e-01
-2.452917305095740630e-02 -7.897662010786443698e-01 -5.393967402199514316e-01
-2.027507948697226947e-02 -7.930725869566161990e-01 -5.093950028982688893e-01
-1.911271152554352981e-02 -7.960327530953321684e-01 -4.954810747629838641e-01
-1.678809666925683286e-02 -7.996883539926018525e-01 -4.796936541013093747e-01
-1.250108998543840444e-02 -8.028179430471218403e-01 -4.510655220261848286e-01
-1.238901175207973715e-02 -8.071322421974609362e-01 -4.391620576294755773e-01
-5.386445282360013964e-03 -8.145848603548908606e-01 -4.138342211789242109e-01
3.364925528373530206e-04 -8.176479120124668931e-01 -3.972615279390060428e-01
3.457073143247030300e-03 -8.227901404485251646e-01 -3.708474462405396688e-01
7.017070801057304075e-03 -8.280349152634505216e-01 -3.570146285984423518e-01
2.214600031673916170e-02 -8.357380259993764104e-01 -3.292656988962824327e-01
2.992823867241022062e-02 -8.412768174779664543e-01 -3.150693453539811228e-01
2.890646088757199694e-02 -8.462588357967042452e-01 -3.020692240534167405e-01
4.633579951625464710e-02 -8.566050094368820034e-01 -2.788092822090597611e-01
4.996402472561461972e-02 -8.641380537511362814e-01 -2.660259956285135896e-01
5.896528684803943599e-02 -8.758388146811766362e-01 -2.427296592719945245e-01
6.374125040295557099e-02 -8.815545610462827142e-01 -2.299799351536538916e-01
6.716419911383789132e-02 -8.860294682038962755e-01 -2.207246791793804341e-01
8.730744048866999341e-02 -8.910112281783382215e-01 -1.987148618930348332e-01
9.902307625007093772e-02 -8.931914307876108738e-01 -1.869061002530547078e-01
1.151014519804213071e-01 -8.989740614056368484e-01 -1.622910400655861451e-01
1.242367740842998947e-01 -9.001932994363033291e-01 -1.430608246027586516e-01
1.402038798243104289e-01 -9.016383555773680447e-01 -1.186061297335954667e-01
1.519095443500530773e-01 -8.985338757602551185e-01 -1.061363690252033476e-01
1.685529759450554721e-01 -8.947607417686735953e-01 -7.485306081446990722e-02
1.761081746675889903e-01 -8.932204688160343409e-01 -6.367191214472689431e-02
1.925677511637387540e-01 -8.937809292634634195e-01 -3.654494103326044740e-02
2.013402887169808975e-01 -8.920435430198940807e-01 -2.051698923744477154e-02
2.081314655062758978e-01 -8.955190898020799484e-01 7.434615675955658087e-03
2.162884599792938567e-01 -8.965573971347255977e-01 1.953047718784395315e-02
2.345916393622167473e-01 -9.004040434516866753e-01 4.397324988122724987e-02
2.403746734791814554e-01 -9.039724683232598368e-01 5.714290103231284279e-02
2.437406559206243828e-01 -9.057513407345734180e-01 7.187404135321762144e-02
2.665221395215333633e-01 -9.083383426195366095e-01 9.403816314740626181e-02
2.821235575473023394e-01 -9.041939134357905861e-01 1.084706235786990769e-01
2.928591610354562835e-01 -9.054295538593206683e-01 1.215144702064774318e-01
3.095551780209004900e-01 -9.046882420054710439e-01 1.503390655628696060e-01
3.190190470190658045e-01 -9.044269603730306084e-01 1.643477130308957090e-01
3.405011096428168238e-01 -9.023472291529639477e-01 1.901970727337713718e-01
3.532310944404473685e-01 -8.983181915796201178e-01 2.030698545547193756e-01
3.711476435742865343e-01 -8.960891141892760592e-01 2.117220653343036829e-01
4.045534654525344553e-01 -8.908959412012296131e-01 2.311816958316484927e-01
4.143504663988137326e-01 -8.912821968315077781e-01 2.431846210436282296e-01
4.295727350314946791e-01 -8.861812888741669170e-01 2.534281567857346040e-01
4.588270653404759036e-01 -8.820836016795092771e-01 2.648391564723754921e-01
4.780841199758386062e-01 -8.827971384130907095e-01 2.701728781886363340e-01
5.155252002193472238e-01 -8.830702264830206927e-01 2.861136026817089340e-01
5.310361864096370121e-01 -8.890966304330437664e-01 2.907471288265141007e-01
5.696770850539083497e-01 -8.810960896096382555e-01 2.935011611529658726e-01
5.909485432053108722e-01 -8.841115542865815025e-01 3.066609765453725545e-01
6.321510343518692565e-01 -8.895989221708626715e-01 3.162795750209754786e-01
6.451565337931224331e-01 -8.877278068323929405e-01 3.268993015735942032e-01
6.565708048759085758e-01 -8.929350417557476716e-01 3.354558817346002808e-01
6.807271174274727166e-01 -8.911523202757157813e-01 3.474052685318322897e-01
7.041877890230031634e-01 -8.929300660074367402e-01 3.571288463434628691e-01
7.367835779349296565e-01 -8.957033497397606236e-01 3.727793028335241177e-01
7.384925080568696121e-01 -8.952537604946306793e-01 3.745883032259444412e-01
7.717865425610044294e-01 -8.956068693284219284e-01 3.882042538579446034e-01
7.868923504378613210e-01 -8.947936593031953212e-01 3.983923455318592044e-01
8.225228662355604792e-01 -8.911422154205795865e-01 4.082673067888803464e-01
8.335258234830151824e-01 -8.900016181128052040e-01 4.162484162592144932e-01
8.600312107771177494e-01 -8.966769544219511667e-01 4.305337081808358612e-01
8.643002089750925210e-01 -8.949001202511419617e-01 4.323537419842318208e-01
9.050469021886411447e-01 -8.935352890991312691e-01 4.474154573677893709e-01
9.189082586794219409e-01 -8.872438258256498678e-01 4.502352322394823636e-01
9.470731983061555503e-01 -8.939224160011556286e-01 4.643610410996775184e-01
9.620260596835942257e-01 -8.931279719095990277e-01 4.669451332381649444e-01
9.919281811791696990e-01 -8.854953398768373729e-01 4.800975345718282994e-01
1.020260607014243037e+00 -8.851629015633968312e-01 4.930670954936853811e-01
1.029546276056181764e+00 -8.860669743589330016e-01 4.990990288079822923e-01
1.055651566589827173e+00 -8.780836618561445039e-01 5.072771519518501915e-01
1.081526531493489429e+00 -8.690095471021052065e-01 5.175090763028604712e-01
1.095912207815757267e+00 -8.669430900657858485e-01 5.254587727376405226e-01
1.114277434700718716e+00 -8.538225926972662361e-01 5.269493963547295934e-01
1.128893036584710075e+00 -8.477600567136568399e-01 5.300689632516779604e-01
1.152196982993177077e+00 -8.379121101708972841e-01 5.279600488279201365e-01
1.165178660872634886e+00 -8.261622636531236186e-01 5.195432748182915450e-01
1.172014823956947671e+00 -8.202884326456256758e-01 5.150955514028168203e-01
1.192350089677649549e+00 -8.084872006116655685e-01 5.092854703714748688e-01
1.203022613850371014e+00 -7.975911725627869986e-01 5.030046194852663133e-01
1.217222866626067823e+00 -7.812146143324604219e-01 4.994971226703878719e-01
1.226025958440651209e+00 -7.655065413196959767e-01 4.874875039766456974e-01
1.241853685783444350e+00 -7.489350389317532830e-01 4.863215536349204116e-01
1.249217319623748157e+00 -7.385385143051842460e-01 4.862706203171806019e-01
1.256439944405767006e+00 -7.222083649977877329e-01 4.785777589476271632e-01
1.263131533091687686e+00 -7.023970237507157766e-01 4.715468477819322324e-01
1.267328929817366667e+00 -6.872645829803959439e-01 4.660562839441453886e-01
1.267289673503358083e+00 -6.782578963107666059e-01 4.633807206910237619e-01
1.259058775682565079e+00 -6.664375682068647277e-01 4.546286419318227301e-01
1.255431299845477966e+00 -6.536313754075785409e-01 4.466592265416900465e-01
1.247331606139392646e+00 -6.400746891529047744e-01 4.405084894828708575e-01
1.241145951711456918e+00 -6.244306913955722793e-01 4.261158667340902984e-01
1.235726010960044752e+00 -6.224542522317663140e-01 4.256370929828920957e-01
1.224887824872884723e+00 -6.117769353489824757e-01 4.148778896688506412e-01
1.210041630411521352e+00 -6.003767719008230586e-01 4.071735570293723572e-01
1.201014092242504328e+00 -5.918421736567613944e-01 4.019050103604702162e-01
1.183987025002309679e+00 -5.835986292050532320e-01 3.935806676569937879e-01
1.159631864325291639e+00 -5.693533469805200919e-01 3.842606503935439011e-01
1.139476858762279665e+00 -5.607329314786998475e-01 3.791726054172969151e-01
1.125762541002554018e+00 -5.511751885177023080e-01 3.742838687260809927e-01
1.097790116730011700e+00 -5.334008908077605415e-01 3.679101408459876099e-01
1.076768817077007778e+00 -5.220891429535897688e-01 3.589729048018642787e-01
1.059940538468327809e+00 -5.100273678010465161e-01 3.547520331198245058e-01
1.052208151315615847e+00 -5.061422861257086625e-01 3.540201753587162159e-01
1.051071319626139866e+00 -4.988774804610720537e-01 3.504032672747378618e-01
1.031802748349816223e+00 -4.876688671653218732e-01 3.451334597321160658e-01
1.026287095716820863e+00 -4.839759153147715764e-01 3.421984225607616059e-01
1.027226337392014299e+00 -4.751328346321969098e-01 3.338728639516296282e-01
1.019101682200149517e+00 -4.739094994454964294e-01 3.289781057209252291e-01
1.014027280676504716e+00 -4.675430325906852480e-01 3.129032094798369079e-01
1.004765648035524706e+00 -4.585838727142809712e-01 3.033013894822736978e-01
1.004505999838481101e+00 -4.555640835454572435e-01 2.957000134673983260e-01
1.014320058530741253e+00 -4.499920490223867642e-01 2.782113432687339238e-01
1.022074262857122218e+00 -4.396688698197771528e-01 2.635090100347773356e-01
1.023533854122495201e+00 -4.332566235906546437e-01 2.548086365705943823e-01
1.039609955555794052e+00 -4.229103617764025658e-01 2.389123897665100804e-01
1.052878255928331619e+00 -4.207528309418062662e-01 2.295284856089453984e-01
1.067291052324116141e+00 -4.041234037625569542e-01 2.159220698314235354e-01
1.081842739340022064e+00 -4.002380243836598517e-01 2.098351241640332709e-01
1.065273546576444463e+00 -3.865224240211725393e-01 1.923733752051052792e-01
1.093340501891916228e+00 -3.762925300071773282e-01 1.946780603013949507e-01
1.094050727709086956e+00 -3.639067985378425796e-01 1.851705392550754836e-01
1.095277121838673651e+00 -3.535213865935893374e-01 1.731699132845467837e-01
1.119369339759179738e+00 -3.465986154192194357e-01 1.794012070108408907e-01
1.102044283854348716e+00 -3.319585411901290195e-01 1.700312475055169581e-01
1.127118848824399944e+00 -3.276121354948851039e-01 1.817233522004498836e-01
1.130101724124004114e+00 -3.105148623323363277e-01 1.708416998378955443e-01
1.124453492636610097e+00 -2.993541112926334513e-01 1.647056525888820899e-01
1.147443638842775560e+00 -2.967291981499904363e-01 1.790119359150546541e-01
1.131711940980144604e+00 -2.812582247413268899e-01 1.609432880019782686e-01
1.136492893375832258e+00 -2.773840213820599199e-01 1.664249142629792289e-01
1.153738237497284214e+00 -2.730423299327237596e-01 1.809365743460912834e-01
1.143062919061856419e+00 -2.661437599311781144e-01 1.687499261875737289e-01
1.132749017851017781e+00 -2.475286238455401411e-01 1.607993001265426991e-01
1.128576098688465423e+00 -2.407042537389023351e-01 1.610751596414834452e-01
1.124993506023484802e+00 -2.308475252242254694e-01 1.559579473924591064e-01
1.125427843828227914e+00 -2.325286741891406939e-01 1.609255677547748453e-01
1.124960982262262821e+00 -2.288543123007849567e-01 1.616975910944713490e-01
1.111239026205677494e+00 -2.289709155699617416e-01 1.627720153662813862e-01
1.125376797044033594e+00 -2.437609609898491181e-01 1.640943576618358324e-01
1.126758741322237745e+00 -2.485172291193838423e-01 1.614388211842586740e-01
1.130239093860584410e+00 -2.537943753725337981e-01 1.612182116527500209e-01
1.130629980009870694e+00 -2.640619425352288552e-01 1.631455341202633913e-01
1.118789855411610024e+00 -2.820634712134962863e-01 1.590807623948793381e-01
1.122138578923684404e+00 -2.948690720512415764e-01 1.664473341788775262e-01
1.128274498025887196e+00 -3.049440827094476170e-01 1.603580792034758340e-01
1.130493149878593062e+00 -3.259657406665402157e-01 1.577181040944597434e-01
1.128561031455439512e+00 -3.437735449136160026e-01 1.600740644845703997e-01
1.126732452537383189e+00 -3.641321839210699962e-01 1.643598253862256220e-01
1.129116364614498602e+00 -3.887237180657985292e-01 1.661756745618585551e-01
1.127490423408661568e+00 -3.993805272998401934e-01 1.706383906800468253e-01
1.131773363899062357e+00 -4.282016995280128469e-01 1.810294563055360184e-01
1.127305763736634381e+00 -4.556922897873777467e-01 1.929215765035104946e-01
1.129517847196258362e+00 -4.732615137987052356e-01 1.981645373800222654e-01
1.124401879370773516e+00 -5.032503860918001726e-01 2.049192246242238502e-01
1.126845620337855625e+00 -5.362073624350612855e-01 2.126499848082366029e-01
1.126827857438860159e+00 -5.519857004360513297e-01 2.169256174201422693e-01
1.120253017678849217e+00 -5.856552582345460056e-01 2.319298467683241771e-01
1.125074721442036463e+00 -6.240540509317127338e-01 2.400896433242912797e-01
1.123261305637245133e+00 -6.428440469098387622e-01 2.450155160643072705e-01
1.128120475958240831e+00 -6.836458664135418584e-01 2.504622904139617301e-01
1.125680393953541580e+00 -7.000391933618556051e-01 2.545086986575080257e-01
1.136950728664153143e+00 -7.328835860769147281e-01 2.574043302716484405e-01
1.140799200283184156e+00 -7.667959421675021314e-01 2.626925409520634025e-01
1.138675980973404167e+00 -7.866440199961063362e-01 2.646525707616839140e-01
1.150413448837941610e+00 -8.231812566626222072e-01 2.746997503903670923e-01
1.158457826506350985e+00 -8.405631590416501320e-01 2.828400572836468063e-01
1.164067506925743567e+00 -8.688615748630759139e-01 2.967594740576167123e-01
1.170857846765048560e+00 -8.950700437399077281e-01 3.083662331553010949e-01
1.176527638971735623e+00 -9.196229668722023520e-01 3.276413390293919647e-01
1.186486665573231347e+00 -9.317053779491745180e-01 3.361478951156711137e-01
1.196161751702347509e+00 -9.485701666479537941e-01 3.607997122322967876e-01
1.198977953228776094e+00 -9.604694860361044917e-01 3.868229747559559506e-01
1.214223126920207285e+00 -9.694708075598961194e-01 4.070735715984258318e-01
1.215111598530462578e+00 -9.833227862398820074e-01 4.328110265205139529e-01
1.217197230990372248e+00 -9.904213318700968438e-01 4.620060148667570754e-01
1.222246918402285498e+00 -1.007838376202131236e+00 4.938368667168334669e-01
1.224289137523597137e+00 -1.022258542190532582e+00 5.289007862321021269e-01
1.233130337052175118e+00 -1.027418836584473194e+00 5.467654278570950321e-01
1.237805120125020863e+00 -1.036636329304122084e+00 5.945767907680979958e-01
1.238061995025608431e+00 -1.036608377397277181e+00 6.097428659203580903e-01
1.238638667173201036e+00 -1.039496028053435772e+00 6.374616642315681370e-01
1.237928884014934061e+00 -1.040217276613365494e+00 6.651487373504524347e-01
1.233873792967937977e+00 -1.037522152538149278e+00 6.941464454828371045e-01
1.226355351330386201e+00 -1.031785256021135133e+00 7.246496721570717670e-01
1.224236032130862295e+00 -1.022355364091532381e+00 7.546049429433018263e-01
1.216409404301343589e+00 -1.012421218948843293e+00 7.771533261561849315e-01
1.214236254636645196e+00 -1.008878952613621482e+00 7.929503588652218049e-01
1.207151699077889440e+00 -9.996712817413114793e-01 8.228132941869532591e-01
1.203626080633446005e+00 -9.789632551116072001e-01 8.431758865763605559e-01
1.194312280376479407e+00 -9.787113242471243701e-01 8.725875488666794411e-01
1.184133468221777452e+00 -9.707485502866213256e-01 8.915403170354156970e-01
1.183209120738432318e+00 -9.609679019045658244e-01 8.981512972614640322e-01
1.177575280998344409e+00 -9.552785180314469216e-01 9.187744509132192983e-01
1.170813620671931954e+00 -9.463434287364882458e-01 9.382015720032019779e-01
1.160262269253501621e+00 -9.297723038119181105e-01 9.463624812649311657e-01
1.150051509079691447e+00 -9.286149627185423805e-01 9.648575752823560503e-01
1.152850521292150709e+00 -9.180944808547304437e-01 9.708179708573024813e-01
1.145966690085252981e+00 -8.996920622269564127e-01 9.761233513568380316e-01
1.139235484157044009e+00 -8.941631049983556068e-01 9.706689983457335025e-01
1.139580033765058786e+00 -8.854472218485678336e-01 9.748539281892731889e-01
1.144783972834684915e+00 -8.857846731967091713e-01 9.873584999132486439e-01
1.142850871742791430e+00 -8.721914994493751294e-01 9.794549476752654193e-01
1.155993726778145714e+00 -8.627221983676176542e-01 9.846051744234772807e-01
1.146951131336128471e+00 -8.464850874703113703e-01 9.895017510869703603e-01
1.153295317118243846e+00 -8.570717390112925216e-01 9.912294554322305107e-01
1.144442311495032838e+00 -8.532168441407894655e-01 9.773862218533919677e-01
1.141804485047415163e+00 -8.478148844894068947e-01 9.774230002126557126e-01
1.142598499534927425e+00 -8.426148884629927061e-01 9.669281347933924575e-01
1.144770283361536078e+00 -8.450005528543700350e-01 9.636548154998335614e-01
1.144907565505851377e+00 -8.423647854140425828e-01 9.538194335825340708e-01
1.146387528244370291e+00 -8.435030174295852223e-01 9.425714411819725580e-01
1.149922912364143457e+00 -8.434369632254300475e-01 9.315991666029983520e-01
1.144285273442545048e+00 -8.324021425378969052e-01 9.200362788302626216e-01
1.149601727344461644e+00 -8.378746698699193196e-01 9.026231156145956280e-01
1.141844498486117798e+00 -8.303943607934294313e-01 8.805386539942311463e-01
1.139323207406622185e+00 -8.257057427580551945e-01 8.564684590654980667e-01
1.124767147951544866e+00 -8.181379871645091395e-01 8.293222267739428499e-01
1.121506079562420988e+00 -8.157001090086013484e-01 8.140611051875951132e-01
1.111106629795042267e+00 -8.085201647902497957e-01 7.838657907775148370e-01
1.096416595390171000e+00 -8.035681436795996113e-01 7.541724475230999758e-01
1.078965938741228925e+00 -7.952070328310806291e-01 7.231346905617368481e-01
1.074054974635124449e+00 -7.929184488098626193e-01 6.933541576502311177e-01
1.068829374153261291e+00 -7.975067644627342744e-01 6.775894148102037384e-01
1.043841830584742558e+00 -7.943677144992312700e-01 6.440782193741582118e-01
1.038659026109924888e+00 -7.999609760705350681e-01 6.189409721526393238e-01
1.033428419716165170e+00 -7.954399804483909264e-01 5.960841077758597395e-01
1.022759768353268761e+00 -7.980003877965820003e-01 5.827879461197681410e-01
1.016888815861881179e+00 -7.949823431643661120e-01 5.611088460539481737e-01
1.000587097809741088e+00 -7.848625658580743458e-01 5.378191698970639090e-01
9.879917923088249454e-01 -7.726441825516283668e-01 5.149462442108307947e-01
9.785110873942407528e-01 -7.707321852452018174e-01 4.992848951362500176e-01
9.616203359436361620e-01 -7.595403757970080605e-01 4.753680049186689849e-01
9.325378985792925901e-01 -7.504470140615522311e-01 4.448311908771633294e-01
9.209351028355068358e-01 -7.459686222155859081e-01 4.314740826483743907e-01
8.937050576373266608e-01 -7.367709019711365936e-01 3.995613994949360204e-01
8.628000989970762147e-01 -7.310316542971231346e-01 3.671752376193890832e-01
8.512775215176506816e-01 -7.284747574670713544e-01 3.502075029563422870e-01
8.301358148881837762e-01 -7.363639653896136839e-01 3.375755802802021255e-01
8.168034415858858033e-01 -7.266882843376485379e-01 3.141807584150372312e-01
8.082591820240661029e-01 -7.194246017873051624e-01 3.002259886079430284e-01
7.840622074843018874e-01 -7.008473300642239501e-01 2.713132858258689439e-01
7.676410631785484107e-01 -7.088256969371229399e-01 2.486820265106758909e-01
7.677088055957811408e-01 -7.167854963726203454e-01 2.405733239839102922e-01
7.525236055152050296e-01 -7.117330895766673660e-01 2.186811372775346873e-01
7.541787203527662298e-01 -7.105723615088777034e-01 2.002871654720640437e-01
7.460395050178475485e-01 -7.174177582686327437e-01 1.745093953671058018e-01
7.354777793166065170e-01 -7.043510776010697416e-01 1.349630643444323375e-01
7.330031151262927924e-01 -7.069851874556682958e-01 1.074283802541751154e-01
7.301936448413037795e-01 -6.984180999630877906e-01 6.984558784295757938e-02
7.241647604546479489e-01 -6.924385585607224503e-01 3.219089067610536592e-02
7.168630286203490076e-01 -6.884885417261776830e-01 8.808592864496089803e-03
7.080498793235583399e-01 -6.767019172096346846e-01 -2.237131908458872553e-02
7.102213297485400201e-01 -6.690772862474883009e-01 -6.215803952908643959e-02
7.024890283662006407e-01 -6.665767537300608669e-01 -1.039925624014571559e-01
7.056173130394175486e-01 -6.577369399044444842e-01 -1.314290186788372172e-01
7.079145423377060098e-01 -6.609116928136847813e-01 -1.544699570355049234e-01
6.990317478154297604e-01 -6.649943057676386271e-01 -2.021189437863305516e-01
7.043168155669258246e-01 -6.615591948687273849e-01 -2.376445506272337749e-01
7.032797394210310582e-01 -6.591440886438617586e-01 -2.530860419470530864e-01
6.917223829867007456e-01 -6.557052540893603121e-01 -2.890961497364766819e-01
6.895667377618522886e-01 -6.420584524990855524e-01 -3.151923103415202876e-01
6.789683136192881108e-01 -6.402495604446880595e-01 -3.389838990541169661e-01
6.699192283730210917e-01 -6.384854313919164914e-01 -3.548966658617551673e-01
6.545298583885369448e-01 -6.211311187079036067e-01 -3.744004201163732004e-01
6.450040186109369245e-01 -6.052014476232200346e-01 -4.040105187476895621e-01
6.375390250565504680e-01 -5.986604552483254515e-01 -4.152947550688251277e-01
6.166954874386755270e-01 -5.919562584184610010e-01 -4.378322375563872271e-01
5.977492245692475059e-01 -5.880624609346328802e-01 -4.577926961553570040e-01
5.928558989498585730e-01 -5.852876558513109284e-01 -4.749947667948408170e-01
5.659478915929383458e-01 -5.751658225218375664e-01 -4.928120998535049369e-01
5.456429974532822635e-01 -5.797584949896150697e-01 -5.147544269325582400e-01
5.302497124385675553e-01 -5.818504665308237289e-01 -5.249492005173839182e-01
5.094209860299270254e-01 -5.857652275089700877e-01 -5.433205978361859145e-01
5.010961528209058047e-01 -5.870541804320430490e-01 -5.504932484446088958e-01
4.796539035553881170e-01 -5.885957716412919538e-01 -5.666368457874109144e-01
4.679856250490269653e-01 -5.912326566939138939e-01 -5.741071444211821584e-01
4.500310411202265160e-01 -5.948362928432017194e-01 -5.923270083020253374e-01
4.382798353057458240e-01 -6.002990614300467431e-01 -6.006283047605128766e-01
4.050367853392471962e-01 -6.024346631200971913e-01 -6.237520382138833641e-01
3.907526090640313643e-01 -6.065006750404496882e-01 -6.251939360221924202e-01
3.583689789508165968e-01 -6.182113079241964293e-01 -6.468368191408250256e-01
3.385897274087182884e-01 -6.208225678623132682e-01 -6.485960559670246317e-01
2.992665667976053823e-01 -6.255278007643216842e-01 -6.708428684046692236e-01
2.819100253087595265e-01 -6.330994844230579677e-01 -6.711876273637749080e-01
2.455923257002397830e-01 -6.477761471186632702e-01 -6.733393267123043424e-01
2.259122601862705859e-01 -6.498121900922437799e-01 -6.782415723618473447e-01
2.113722288161165030e-01 -6.558166964690053113e-01 -6.745952495385768577e-01
1.927841983231747547e-01 -6.604012394975053990e-01 -6.765744739352602677e-01
1.657646794550504954e-01 -6.693019305218428361e-01 -6.774399048294273973e-01
1.304675014431450064e-01 -6.840345329357396809e-01 -6.718395934080911847e-01
1.129127322238233644e-01 -6.868649843851177828e-01 -6.657676162303796108e-01
9.983256371015686303e-02 -6.882990640829695916e-01 -6.673761850111835647e-01
5.958600231081989662e-02 -6.958708896914655995e-01 -6.611529222476451029e-01
4.347093730233936304e-02 -6.975604777433555004e-01 -6.574405190337057059e-01
2.248975466167441040e-02 -7.092143350304067617e-01 -6.423156497387273456e-01
5.034230839831121962e-03 -7.108693058983948099e-01 -6.363494008522996292e-01
-1.375382448555340087e-02 -7.198678129307841678e-01 -6.163053109031908505e-01
-1.967907058199441783e-02 -7.258471113685234233e-01 -6.055311141275320219e-01
-4.410462245368090839e-02 -7.344972546803101299e-01 -5.990681006215452520e-01
-7.340910886770130039e-02 -7.414739584990551746e-01 -5.821142900158434719e-01
-8.387178274631329478e-02 -7.538837768390516114e-01 -5.717064533924872682e-01
-8.255746787491896610e-02 -7.733701062298887763e-01 -5.449603417938666539e-01
-1.057830669940806878e-01 -7.752395568682252103e-01 -5.378391691260396845e-01
-1.354863614169058983e-01 -7.800209228988345123e-01 -5.176894615516001164e-01
-1.383437205974349937e-01 -7.862364439907369995e-01 -5.055660166606412709e-01
-1.455464675288206666e-01 -7.851040531502379016e-01 -4.772189678273002222e-01
-1.586619816135778072e-01 -7.867783169246370667e-01 -4.622170116548943164e-01
-1.873110196501835412e-01 -7.936423312431691857e-01 -4.308224207775029346e-01
-2.002205993168018339e-01 -7.959467928166059636e-01 -4.205410341287356690e-01
-2.240280218732032813e-01 -8.019317753233208279e-01 -3.865938513404885701e-01
-2.301707885505938356e-01 -8.015425620644377469e-01 -3.743494324573612420e-01
-2.477464172093858386e-01 -8.104655789354668904e-01 -3.401755840831613975e-01
-2.497714859641090579e-01 -8.050950604386171161e-01 -3.305162563181425206e-01
-2.618380831834396516e-01 -8.158487903168861743e-01 -2.971159828263424396e-01
-2.697821902288340956e-01 -8.237192089108644755e-01 -2.681520281396902461e-01
-2.770580347117389541e-01 -8.274687708220177518e-01 -2.490256918678984688e-01
-2.826416548391520456e-01 -8.386983670018486325e-01 -2.235628302850545257e-01
-2.851742302335018020e-01 -8.394421238624409920e-01 -2.057280053641353801e-01
-3.020744658458545118e-01 -8.515534194265373946e-01 -1.795380849591408090e-01
-3.005834142288851263e-01 -8.552783454532409957e-01 -1.635515215295028080e-01
-3.000317687001534672e-01 -8.548320268575875236e-01 -1.536648834105315831e-01
-3.036217554529105911e-01 -8.622458903367419270e-01 -1.249529477435721986e-01
-3.120764499888819543e-01 -8.637670941983254247e-01 -1.135500847248581274e-01
-3.139101745424954792e-01 -8.774371536622083134e-01 -8.870817764203826894e-02
-3.178303452569994914e-01 -8.751620763021170646e-01 -7.850798100337326446e-02
-3.161835029187648471e-01 -8.746805232469260227e-01 -6.593388916853744341e-02
-3.209932965733410803e-01 -8.834138431370657241e-01 -4.544347101506503173e-02
-3.235603688682137102e-01 -8.826695183672047529e-01 -3.765542451086360820e-02
-3.169417511554658007e-01 -8.835648269656359854e-01 -2.174409458469425682e-02
-3.193886835014635439e-01 -8.915491545147037344e-01 -6.105730334023770634e-03
-3.205984017478479275e-01 -8.900373539669238498e-01 5.041587484945680986e-03
-3.255010748684030175e-01 -8.944423849864272524e-01 2.780495673144324498e-02
-3.269649390210299655e-01 -8.959373737382265723e-01 3.500540208373063844e-02
-3.200691592251322382e-01 -8.938087955068122481e-01 5.521361551333393847e-02
-3.183905652654561158e-01 -8.935075602836149988e-01 6.712083103130568607e-02
-3.152342749599769123e-01 -8.919994310344565580e-01 7.716233169542513481e-02
-3.111874413277613272e-01 -8.864921812862872619e-01 1.004010103324024100e-01
-3.090189871153066759e-01 -8.881688047458835555e-01 1.153347762526734654e-01
-3.067735476397288608e-01 -8.875224841915816398e-01 1.235947398979976714e-01
-2.993847001047494905e-01 -8.916701717976905917e-01 1.498090031569122849e-01
-2.961749094526972548e-01 -8.916091393906054874e-01 1.639066901279080946e-01
-2.954074637631814437e-01 -8.958156993603217932e-01 1.741096902631680265e-01
-2.845842789434119280e-01 -8.997806185013698110e-01 1.963444131306225082e-01
-2.853742024386020093e-01 -9.034769589756809216e-01 2.168325548203409170e-01
-2.831092674572300294e-01 -9.094291732379802262e-01 2.283864698497393431e-01
-2.823423866259461845e-01 -9.131003985599106532e-01 2.498827144736641692e-01
-2.791400815162469184e-01 -9.156550076869915955e-01 2.598741539524758726e-01
-2.784568398535349210e-01 -9.170195593160125336e-01 2.725312308186158550e-01
-2.793267103746822633e-01 -9.176346319017644193e-01 2.834443574216330974e-01
-2.764923032392089808e-01 -9.220769621260985760e-01 3.106618580430948184e-01
-2.756454049464767686e-01 -9.224168088501922824e-01 3.197193138234338816e-01
-2.726695053725496920e-01 -9.254519117805291017e-01 3.310071880982911607e-01
-2.751283230893198928e-01 -9.259203604956404154e-01 3.415229307167766959e-01
-2.731920731413405856e-01 -9.296569662747274920e-01 3.634485140459602914e-01
-2.734438101533072096e-01 -9.286171120842557913e-01 3.747864613306430837e-01
-2.720154982745528471e-01 -9.324121220448403635e-01 3.885784504684345331e-01
-2.732428458743636490e-01 -9.308574851851939558e-01 3.984281944788576890e-01
-2.687451973833104302e-01 -9.371708907091326202e-01 4.180020776046891595e-01
-2.614172790209403074e-01 -9.445673244702671445e-01 4.289236926155013951e-01
-2.593022738994455456e-01 -9.465572775404366146e-01 4.379315753736958694e-01
-2.676702289164384907e-01 -9.548247321337532956e-01 4.498909011104596511e-01
-2.696608828294576599e-01 -9.552469946932685696e-01 4.607085507108868994e-01
-2.692221351126145024e-01 -9.627233307543419105e-01 4.738782562605506898e-01
-2.638571319605054200e-01 -9.762910993819203798e-01 4.785993680744208278e-01
-2.652131197787037098e-01 -9.824838060141345419e-01 4.871287705945143154e-01
-2.685363950714133030e-01 -9.834863046570232470e-01 4.970441809577384462e-01
-2.722712021659570159e-01 -9.873068289018948063e-01 5.027598094193085343e-01
-2.734732850161890050e-01 -9.917356765411832198e-01 5.178219082325516975e-01
-2.731883819284169901e-01 -9.970433187552091292e-01 5.218965493872755879e-01
-2.732861109601443794e-01 -1.008117267902630232e+00 5.342279881735690905e-01
-2.766640940800069171e-01 -1.013803529922932878e+00 5.431343822335787941e-01
-2.765994080021410562e-01 -1.026007795363841790e+00 5.453467100609559193e-01
-2.832877442398238910e-01 -1.025444197259578027e+00 5.531147895440673423e-01
-2.984294722833813474e-01 -1.024704816545276342e+00 5.628662810868418909e-01
-2.916730464769380915e-01 -1.033812171208251751e+00 5.624928525189825113e-01
-2.815840263585107084e-01 -1.048325554732659537e+00 5.647177376164412843e-01
-2.824077480962203790e-01 -1.052145082637314211e+00 5.720522583379346049e-01
-2.826706691740646371e-01 -1.062572236160609584e+00 5.709455397698781631e-01
-2.937206900280474597e-01 -1.067057260460545942e+00 5.767179912141895404e-01
-2.941326816663558108e-01 -1.074482228738696588e+00 5.720269924912295689e-01
-2.908906103243102947e-01 -1.081526154884766999e+00 5.652189471317092817e-01
-2.905971370660936359e-01 -1.086831911177526200e+00 5.614762855286283827e-01
-2.904119925571302385e-01 -1.092522641605417455e+00 5.590666078056660826e-01
-2.959470919693524271e-01 -1.098376131103850906e+00 5.544255384416172383e-01
-2.988818205408260709e-01 -1.106993815777768564e+00 5.510837432530160118e-01
-3.026890029522542047e-01 -1.113908634554605426e+00 5.513061761078119627e-01
-3.105091058160246442e-01 -1.119455914971133614e+00 5.465574321233952482e-01
-3.122905538845843765e-01 -1.125112657970046115e+00 5.422625652054315903e-01
-3.075541523230932439e-01 -1.131965849801540802e+00 5.347970030752620119e-01
-3.062539120128521253e-01 -1.141882991140344750e+00 5.239867878177131288e-01
-3.047770109731707810e-01 -1.151506356588056779e+00 5.152277787407455456e-01
-3.043581659071112333e-01 -1.157566187045622419e+00 5.075931163013163161e-01
-3.122880980410790430e-01 -1.161864181131524010e+00 5.047772670740344747e-01
-3.218088725413266182e-01 -1.165322197799353532e+00 4.955850239914987854e-01
-3.159046919074389725e-01 -1.177311486350913539e+00 4.893795254497799174e-01
-3.094810673230972142e-01 -1.187619658226606312e+00 4.787949762061958214e-01
-3.103692020781060323e-01 -1.195685779206165034e+00 4.697005024712631593e-01
-3.091533146305628366e-01 -1.200055445907989959e+00 4.624123290188358881e-01
-3.178600204076548752e-01 -1.210108179050123134e+00 4.501346635668739826e-01
-3.241418233133848137e-01 -1.217111588402681077e+00 4.471600813971951527e-01
-3.194031561019424204e-01 -1.223420594307356613e+00 4.368457759136495921e-01
-3.149874190681966613e-01 -1.233381585294894167e+00 4.234538031393707547e-01
-3.177050090224498025e-01 -1.241300110909200782e+00 4.215731261456081014e-01
-3.282486610452958198e-01 -1.242838408772944714e+00 4.161387267356594366e-01
-3.345849651399864233e-01 -1.247139399849478192e+00 4.118872752822422822e-01
-3.396238863121259222e-01 -1.249763861919090724e+00 3.982992426386409712e-01
-3.408872851511450808e-01 -1.259004334836054007e+00 3.842924713806147863e-01
-3.397956188647717202e-01 -1.266137952782453668e+00 3.724160602621517935e-01
-3.396691839480844299e-01 -1.268179482139929926e+00 3.619843230455071503e-01
-3.432528951853816013e-01 -1.270000833700833276e+00 3.520757949043759605e-01
-3.567724873497716276e-01 -1.270268638160213515e+00 3.415324102563393471e-01
-3.629393144013274286e-01 -1.278117750055687507e+00 3.408121981834091874e-01
-3.662662977834886258e-01 -1.278482672280635501e+00 3.291748575922837095e-01
-3.609733472375528662e-01 -1.277783760276883562e+00 3.076944196082713745e-01
-3.611387521171588455e-01 -1.279185770015911050e+00 2.886328261665396244e-01
-3.660359414736447103e-01 -1.272272491660035421e+00 2.760955173948148600e-01
-3.685756716960008617e-01 -1.272922954032019494e+00 2.666613986090879962e-01
-3.656500055361331381e-01 -1.268571641300511477e+00 2.384545097361941979e-01
-3.646640051355725110e-01 -1.263356578762534266e+00 2.261246684986915056e-01
-3.601589488103223990e-01 -1.260245477539003067e+00 2.147726194972429115e-01
-3.526810651048069567e-01 -1.252872188480508964e+00 1.877626654983093335e-01
-3.516184100943108293e-01 -1.253428795317412803e+00 1.786576472462154674e-01
-3.485846993720269626e-01 -1.244926758491357699e+00 1.678045037267500428e-01
-3.445698107572150448e-01 -1.241681235104127090e+00 1.565107661825094754e-01
-3.332075616309226884e-01 -1.227370943683354421e+00 1.189779006873868950e-01
-3.290485913054477241e-01 -1.220708253030063473e+00 1.021295382922206008e-01
-3.217445304289182628e-01 -1.212554556689116048e+00 8.717799970032036327e-02
-3.117247452279141018e-01 -1.206517233601211547e+00 6.900908012372020117e-02
-2.982435372463811962e-01 -1.188824752479406222e+00 3.666872051370451135e-02
-3.015428867264441370e-01 -1.177559345149716608e+00 2.808183750841886095e-02
-3.002748267659043346e-01 -1.173140172101764023e+00 2.242225150510568366e-02
-2.879616195902028886e-01 -1.156381439308732162e+00 -5.657653288518194046e-03
-2.853753700789856129e-01 -1.149651474759592507e+00 -1.668200882078008096e-02
-2.850418771191067790e-01 -1.137219212149205294e+00 -2.652597452653193688e-02
-2.842518073761834962e-01 -1.120720401458782600e+00 -4.895630894723512760e-02
-2.817087382362759573e-01 -1.113557700800662076e+00 -5.836924052711855992e-02
-2.762925506506845319e-01 -1.103426167544247605e+00 -6.833618197731605726e-02
-2.726846970008270366e-01 -1.088185638259171473e+00 -8.978234160786785489e-02
-2.695498493506151561e-01 -1.078716414813008839e+00 -9.694821375863982293e-02
-2.639565593320340464e-01 -1.061894914276864110e+00 -1.256420668265186280e-01
-2.626565378479912560e-01 -1.052042293546369578e+00 -1.332694483589120238e-01
-2.640926318561484520e-01 -1.035134306270113713e+00 -1.588355955134139186e-01
-2.610561536408911310e-01 -1.030583801025060531e+00 -1.653363596140714487e-01
-2.617677417816140495e-01 -1.014425992489514039e+00 -1.876821600399887213e-01
-2.598176985360970415e-01 -1.006370543771200055e+00 -1.951042418539243872e-01
-2.573606607396319856e-01 -9.858399389838730098e-01 -2.155124107484679419e-01
-2.577065109599436243e-01 -9.854177349695704136e-01 -2.220396228569446739e-01
-2.518647228439578889e-01 -9.637684057650302005e-01 -2.407090543312584985e-01
-2.462839805219916856e-01 -9.536205756156455049e-01 -2.445590642959604155e-01
-2.360856279561424353e-01 -9.293961427533394826e-01 -2.473337429466972714e-01
-2.400321347852530929e-01 -9.359158330163268591e-01 -2.556507292050593794e-01
-2.351926536071616003e-01 -9.249361310078252352e-01 -2.613529586583900888e-01
-2.182186552541860725e-01 -8.987547069708036185e-01 -2.714970036706014223e-01
-2.204070312408277776e-01 -8.969120297601245184e-01 -2.805204788326077781e-01
-2.194495890640884572e-01 -8.892383749140947424e-01 -2.885593447641452425e-01
-2.133744750405186241e-01 -8.880361888231441680e-01 -2.954613671820849885e-01
-1.992380173315652092e-01 -8.720387225853897251e-01 -3.033119182544794512e-01
-1.878252266050668695e-01 -8.680241223146401008e-01 -3.149732099323491186e-01
-1.768548844123901398e-01 -8.656237963266607549e-01 -3.206124017513872215e-01
-1.443440698453859472e-01 -8.587835306297182392e-01 -3.271573780901285144e-01
-1.220812253093200295e-01 -8.456707041092084154e-01 -3.396323072728423265e-01
-1.044326183502906624e-01 -8.443209409943739363e-01 -3.448044598507380432e-01
-8.001574113867832017e-02 -8.354320340293924785e-01 -3.534832167882862586e-01
-4.907222252481241442e-02 -8.389887283099783932e-01 -3.743977250840223592e-01
-3.374167706895486729e-02 -8.314643404877724020e-01 -3.785482905804404274e-01
-1.083566701828780898e-02 -8.238849645749655171e-01 -3.917967200335852884e-01
1.586326191515974315e-02 -8.068169052255527163e-01 -4.000949645488833251e-01
2.319876586002578289e-02 -8.006302650294773171e-01 -4.011701967692312687e-01
3.209110534084830268e-02 -7.912571870743904112e-01 -3.952845322539789708e-01
6.603712572802755698e-02 -7.822093903585657371e-01 -4.066223595224029985e-01
7.782257942029036091e-02 -7.761999133328134626e-01 -4.062697134340759741e-01
1.037019698801222578e-01 -7.711438710239799654e-01 -4.108016147475049284e-01
1.109525155860361378e-01 -7.664259255596286291e-01 -4.148229498554299455e-01
1.201279996940311789e-01 -7.494590590572290933e-01 -4.223232150796228934e-01
1.345069171410532005e-01 -7.445382008267967811e-01 -4.341370004929590576e-01
1.354350212974787526e-01 -7.360429867403768256e-01 -4.399959130320760248e-01
1.508027764041328100e-01 -7.295362339023847564e-01 -4.560363619976664507e-01
1.589876191863260069e-01 -7.212049311253422301e-01 -4.623199574187840111e-01
1.516448424982553833e-01 -7.027281284594144584e-01 -4.838556427491128020e-01
1.434418025311009481e-01 -6.986440529544755140e-01 -4.942970639568696756e-01
1.502289766986368846e-01 -6.877907979680913941e-01 -5.081005846062547349e-01
1.411713758402072250e-01 -6.796050379899996052e-01 -5.161728944654124795e-01
1.369845982681925367e-01 -6.720937246162201895e-01 -5.262098890189589318e-01
1.379501220045524779e-01 -6.619372490817011512e-01 -5.356933519495061802e-01
1.388265892881775931e-01 -6.566525020351475783e-01 -5.415669078906403255e-01
1.465174767470796280e-01 -6.509445888798728319e-01 -5.458197722630268034e-01
1.423392294200444552e-01 -6.485345714272340301e-01 -5.526259714299269765e-01
1.283266601094362747e-01 -6.409884660485068997e-01 -5.550710458836238814e-01
1.179156442221741957e-01 -6.349008028987344066e-01 -5.632380235473899432e-01
1.263870947707512182e-01 -6.318965614963345523e-01 -5.660611315022718859e-01
1.155084744326164148e-01 -6.337111698331403531e-01 -5.688766095250952226e-01
1.005009706936017821e-01 -6.307805982135703537e-01 -5.648879809817024533e-01
8.463290383611854484e-02 -6.303567489270460733e-01 -5.570087519129812703e-01
8.933400273524323698e-02 -6.260939020965760049e-01 -5.509394804863019246e-01
8.301601126406063513e-02 -6.302034716235875855e-01 -5.511963249675355669e-01
6.930207893054883550e-02 -6.313746969001343690e-01 -5.425579284174342209e-01
6.361579015937778026e-02 -6.290785582831615041e-01 -5.408334253968546390e-01
5.391173323116321692e-02 -6.356836957065743476e-01 -5.246246483562373442e-01
4.316787118038416943e-02 -6.374292328855225565e-01 -5.132619865946769222e-01
2.813907494933015618e-02 -6.438769398249741815e-01 -5.037251580741082257e-01
2.075377762028227102e-02 -6.445572094379004024e-01 -4.926534869266794847e-01
8.509681045035674685e-03 -6.542987715855838049e-01 -4.730208657083332935e-01
8.337015397728853028e-05 -6.605148476156095239e-01 -4.620590817980922971e-01
-1.873798657282643720e-02 -6.731080628639415364e-01 -4.381573411257613238e-01
-2.697828872310355230e-02 -6.833218040436428442e-01 -4.304481183408842560e-01
-2.900193510927057128e-02 -6.865468395686721292e-01 -4.010537113691062805e-01
-3.290714589761278841e-02 -6.924299923400420997e-01 -3.902895688276803998e-01
-5.982839277432708269e-02 -6.992747495464589624e-01 -3.683299633325229916e-01
-6.916239010412629507e-02 -6.993286282869357606e-01 -3.552461537923782275e-01
-7.922087805479217926e-02 -7.075946578427566580e-01 -3.225742206316184468e-01
-8.129307408300068261e-02 -7.125949392660790860e-01 -3.089733146615122883e-01
-9.265099910444658804e-02 -7.152774054934466497e-01 -2.997209015896495909e-01
-1.110190875337386945e-01 -7.176419047914371907e-01 -2.640022872695290679e-01
-1.123900187480418311e-01 -7.222715364228462498e-01 -2.486349011364681894e-01
-1.137402563382796938e-01 -7.203584691698254883e-01 -2.348525893683597598e-01
-1.365411315342224818e-01 -7.276071554500415095e-01 -2.058822857828665753e-01
-1.463381435552486010e-01 -7.300846638228357666e-01 -1.896795783941542801e-01
-1.486575486279939906e-01 -7.318826880953123171e-01 -1.738900333670322096e-01
-1.673744765072354146e-01 -7.400903084546740507e-01 -1.435703622901089438e-01
-1.781525978851069558e-01 -7.418245321925560631e-01 -1.264192330366968320e-01
-1.884735653304603631e-01 -7.445603154026954051e-01 -1.096678565021217966e-01
-1.959039329044558464e-01 -7.561977244579771718e-01 -8.106736518586843410e-02
-2.057854071208539970e-01 -7.600333095240014991e-01 -6.655184483579201782e-02
-2.163402615368731907e-01 -7.731747835220255105e-01 -3.430993316772487645e-02
-2.209832968521501240e-01 -7.792332288709084009e-01 -1.829210780965997984e-02
-2.296599339181916166e-01 -7.843387957802840926e-01 -5.415445667151352893e-03
-2.500701496136233382e-01 -7.950613858492167063e-01 2.009656024346617720e-02
-2.514992949233005315e-01 -7.969304787875363116e-01 3.143525397754023953e-02
-2.543582946643369036e-01 -8.004310810174483093e-01 4.386604353242115617e-02
-2.609900509482845354e-01 -8.083318502032653674e-01 7.140962331006744934e-02
-2.661302432882210467e-01 -8.094161819046045148e-01 8.363474452321337238e-02
-2.718849446221461852e-01 -8.186186848399443772e-01 1.124349417471371126e-01
-2.683984564673472240e-01 -8.200492259957905539e-01 1.275844424864341908e-01
-2.671640244725055902e-01 -8.247502686509381453e-01 1.432126286153186934e-01
-2.750685541999481898e-01 -8.268735207514859020e-01 1.752119081118297672e-01
-2.750287962530865160e-01 -8.287444246833883810e-01 1.934628887979214507e-01
-2.704564191785549521e-01 -8.319716979599673934e-01 2.092285949090303965e-01
-2.686262504278003060e-01 -8.344245697021127617e-01 2.379097952749879841e-01
-2.707021794316615271e-01 -8.323795931092449196e-01 2.553306372421046966e-01
-2.717611764679522257e-01 -8.304799045084940712e-01 2.736018872351175801e-01
-2.607932681306941447e-01 -8.381848124271713552e-01 3.039386757270058914e-01
-2.548259647884141832e-01 -8.394772652277510128e-01 3.166574611076530266e-01
-2.557679610279984250e-01 -8.394424512975445785e-01 3.301391269833744979e-01
-2.506934311526778925e-01 -8.351041705286694761e-01 3.627352255752971932e-01
-2.409168225897249938e-01 -8.385912490979159362e-01 3.777058382294377070e-01
-2.338046196482004568e-01 -8.449187241916499280e-01 3.910250779328397486e-01
-2.295224754509413434e-01 -8.449731765655119631e-01 4.042358984913345110e-01
-2.305981997443662113e-01 -8.455281988408286376e-01 4.176989899070788215e-01
-2.160675691043257296e-01 -8.501669231247355185e-01 4.431556204021274703e-01
-2.122757332006112163e-01 -8.527407523239763920e-01 4.566334549352413230e-01
-2.097419164646438239e-01 -8.526634847872972545e-01 4.706598387133708594e-01
-1.920314577007038725e-01 -8.564479222003141823e-01 4.934955438581803966e-01
-1.847319342590924285e-01 -8.582339010346573538e-01 5.060775079816336453e-01
-1.783339509875152551e-01 -8.590456357878816229e-01 5.195668244478142128e-01
-1.732229726165293027e-01 -8.602346024916537326e-01 5.295966380063515944e-01
-1.641066243541883518e-01 -8.593806584617138533e-01 5.422739312536253298e-01
-1.439286772490306621e-01 -8.644994812710877774e-01 5.608694871695032447e-01
-1.344211176469379820e-01 -8.664739907928941109e-01 5.719309957693503588e-01
-1.280171097929606039e-01 -8.676953763938179964e-01 5.825768777495110573e-01
-1.234469694070276791e-01 -8.664380320440665528e-01 5.922201237537875196e-01
-1.120719949199426857e-01 -8.693067094474651313e-01 5.995691454350822180e-01
-1.031433673188246886e-01 -8.670838867181599463e-01 6.087933705650759864e-01
-7.497239444491045346e-02 -8.697866171095862686e-01 6.269664976890834129e-01
-7.116643925320007003e-02 -8.712095026688696509e-01 6.374781245839900023e-01
-5.695845869000812356e-02 -8.763718733580241338e-01 6.478257880837907656e-01
-4.251719185820576619e-02 -8.752756427842736109e-01 6.549407657716875830e-01
-1.614752480552418892e-02 -8.779832660826140112e-01 6.681683056163341128e-01
2.570978343806876870e-03 -8.780212214755436229e-01 6.708898620403224156e-01
1.219043194293666435e-02 -8.772634431701701319e-01 6.793716048938071017e-01
2.802143891484470267e-02 -8.779651227326725760e-01 6.879022136352672678e-01
4.404314019552467430e-02 -8.797135296379905434e-01 6.932193269848764272e-01
5.667006382681982757e-02 -8.818197466451183075e-01 6.984309562192303478e-01
9.515451566992809418e-02 -8.812857492087589062e-01 7.036934165479347136e-01
1.117338474117679920e-01 -8.800716320040269380e-01 7.093321473717102421e-01
1.205305240935494876e-01 -8.777033508590121880e-01 7.146625923211598064e-01
1.318360037429168741e-01 -8.705971591214181071e-01 7.160238850373925601e-01
1.595597500043043904e-01 -8.753512891013185415e-01 7.255915775675811918e-01
1.749233371163436135e-01 -8.749785726745002989e-01 7.244818167086664040e-01
1.899284741151300859e-01 -8.700203479832434583e-01 7.238153884442434238e-01
2.324257999991345414e-01 -8.629457019078392577e-01 7.268161511262511976e-01
2.429369049336263520e-01 -8.566281619380362589e-01 7.245970148265248323e-01
2.651849221875175466e-01 -8.535572196904652742e-01 7.285965447910911497e-01
2.798310459359464875e-01 -8.504386355594178992e-01 7.266819310631049689e-01
3.200651305005638436e-01 -8.410067143033400638e-01 7.200592795555065262e-01
3.394128539160785607e-01 -8.379157376410741875e-01 7.180921510394028262e-01
3.604060798364530083e-01 -8.357195863113267009e-01 7.133058409684750467e-01
4.021799764091005258e-01 -8.274755349884910238e-01 7.030303335853477220e-01
4.218548673805925242e-01 -8.256360258640673688e-01 7.015247637658631463e-01
4.376852572283368437e-01 -8.230492164379609177e-01 7.042546772231711438e-01
4.786035445198689731e-01 -8.188569766594304689e-01 7.069633224063924803e-01
4.999248055782138933e-01 -8.157399761936694471e-01 7.081557609107715923e-01
5.142217271956028846e-01 -8.095607150647160521e-01 7.072991336720929612e-01
5.469166838171821698e-01 -8.028884520705972250e-01 7.103486942716741304e-01
5.630974448973263824e-01 -7.993859541328521834e-01 7.113518639309982516e-01
6.015156222924171736e-01 -7.937140264446437277e-01 7.207455053239021359e-01
6.209313004272593028e-01 -7.935799665741692932e-01 7.224923149136408540e-01
6.363696344550677786e-01 -7.874992746774918118e-01 7.267024887329288640e-01
6.682905420310905065e-01 -7.791218750138554361e-01 7.340673136059742143e-01
6.826182786017860327e-01 -7.752993962493941460e-01 7.361939897174469838e-01
6.955922218305214955e-01 -7.673379558977001524e-01 7.430652746579784473e-01
7.271589809932659243e-01 -7.590654798930843716e-01 7.519969779406568966e-01
7.441850788800765670e-01 -7.577901526324107850e-01 7.627718424241096695e-01
7.679714563167868713e-01 -7.495307844887590942e-01 7.713373817477280348e-01
7.835652017201600872e-01 -7.483191298624473076e-01 7.803111509080085106e-01
8.001986087985595297e-01 -7.424143050273024347e-01 7.863112689063725957e-01
8.286819698851640714e-01 -7.465614567493474851e-01 7.967769303847822560e-01
8.435385917305767700e-01 -7.396413923357453291e-01 8.016252010949238560e-01
8.694547875926517122e-01 -7.375644872796609519e-01 8.113571904535545887e-01
8.841503473435721183e-01 -7.334882566757103817e-01 8.173132617169497349e-01
9.012958629600772431e-01 -7.366321886054202350e-01 8.275629751550002133e-01
9.269961788658030999e-01 -7.286771492872827771e-01 8.385331960429061038e-01
9.361500117621848194e-01 -7.247568876177398201e-01 8.434383195476722328e-01
9.575814855503733680e-01 -7.194767649647921814e-01 8.522779193164340406e-01
9.723101862835151765e-01 -7.174719213193935241e-01 8.587476764055265166e-01
1.002278065519813799e+00 -7.127189509265769995e-01 8.669754887001418497e-01
1.015604890236159408e+00 -7.108770431923944200e-01 8.696814319890940892e-01
1.039027904468253993e+00 -6.983416476633825809e-01 8.804398731054848826e-01
1.050090525787427786e+00 -6.967144072156492562e-01 8.811271873110875230e-01
1.076372245421091778e+00 -6.874074145677355752e-01 8.903257597126846834e-01
1.087645626735201265e+00 -6.800079113234459571e-01 8.935720692098747531e-01
1.109070370593115307e+00 -6.697073325746063510e-01 8.979201842909906306e-01
1.124183130391944285e+00 -6.654485841847307404e-01 8.998191389425235220e-01
1.153820953848028186e+00 -6.598715416538555312e-01 9.059987301292760087e-01
1.185353497025835923e+00 -6.475795686938747853e-01 9.092268078547959265e-01
1.200371543577698930e+00 -6.420134073284187171e-01 9.138509798270377793e-01
1.226393284492447666e+00 -6.320372574913338815e-01 9.110386973708504144e-01
1.254887130641578752e+00 -6.175382936341075046e-01 9.209376040996524182e-01
1.264308284188701892e+00 -6.136974838520702358e-01 9.141683185702760284e-01
1.283989782112315403e+00 -5.902435099732218360e-01 9.285153003785816539e-01
1.312888451706744508e+00 -5.740908425203989918e-01 9.288674882166922941e-01
1.324168596081233940e+00 -5.578727739224348392e-01 9.397852991714583659e-01
1.348040029909564286e+00 -5.415250133293463275e-01 9.401231695612004557e-01
1.368733907408902883e+00 -5.263734267865803895e-01 9.443744215645171192e-01
1.381567905268731522e+00 -5.122638847191942624e-01 9.462229515422602155e-01
1.390457392592018504e+00 -5.069336720604069590e-01 9.466404097515741523e-01
1.409846202762105705e+00 -4.960711788215286244e-01 9.541241829309898836e-01
1.431569943611642914e+00 -4.863471635327068499e-01 9.519920706606779248e-01
1.437408086334567514e+00 -4.722386024044394337e-01 9.631591502243164182e-01
1.440198991234128201e+00 -4.718313121871040572e-01 9.620147057751353703e-01
1.465519808014356773e+00 -4.488062943417225892e-01 9.642511317747923805e-01
1.475307600560284538e+00 -4.487866308136583271e-01 9.687387634219863930e-01
1.482160101677760133e+00 -4.458618761918522466e-01 9.623505878488096688e-01
1.499639470645232953e+00 -4.312886399976453289e-01 9.601112253740680114e-01
1.506128944204154996e+00 -4.215853359806869260e-01 9.559631005665405468e-01
1.510583743505394594e+00 -4.236498591812236647e-01 9.584032465894728459e-01
1.509785052701675845e+00 -4.200318932262611660e-01 9.587768164188916753e-01
1.528243243253016637e+00 -4.032112565175830499e-01 9.575236549248236084e-01
1.527266276348319796e+00 -3.975630856490350307e-01 9.576102627447060645e-01
1.520478430673400938e+00 -4.078142849453733065e-01 9.655440657574783092e-01
1.524667186511324157e+00 -3.754617561450568353e-01 9.584311350354136616e-01
1.520300551637691733e+00 -3.807898676936889437e-01 9.619323082845629980e-01
1.523000969914107383e+00 -3.804400048094926379e-01 9.639041818850343502e-01
1.523038815706229787e+00 -3.653770318361242442e-01 9.587798560063459652e-01
1.525701933352160644e+00 -3.714975022420514139e-01 9.650995489999721899e-01
1.519610873435417453e+00 -3.555892928606727010e-01 9.653128257847782834e-01
1.514825607106513372e+00 -3.550446462909307987e-01 9.621839913992618065e-01
1.514358011407341831e+00 -3.483062995882637569e-01 9.649583997133247548e-01
1.501715486386857590e+00 -3.486007615931934200e-01 9.643656754464076108e-01
1.505478598101586796e+00 -3.383648993480301015e-01 9.739071045359917189e-01
1.508107457709944033e+00 -3.388162536766705646e-01 9.724651259236378742e-01
1.498156710089070920e+00 -3.386079218823759285e-01 9.651974043240840739e-01
1.496936287019187350e+00 -3.435561010465149057e-01 9.677971687791597777e-01
1.496954716103034988e+00 -3.361746344917757590e-01 9.647834318894702443e-01
1.498787023121869622e+00 -3.390439654208436959e-01 9.561977454173551383e-01
1.490269939493267026e+00 -3.395238693724860202e-01 9.620660208844787897e-01
1.498161892764732883e+00 -3.528680745184193945e-01 9.680332532542303969e-01
1.492888068324266904e+00 -3.504640775672396291e-01 9.780698978598462157e-01
1.496557325948638884e+00 -3.624838660730330675e-01 9.706687527557047446e-01
1.502751775479395091e+00 -3.766563222840791925e-01 9.750636861033825653e-01
1.508170915899210485e+00 -3.805535048444532720e-01 9.645544846505602621e-01
1.511784325466642542e+00 -3.941804753831296138e-01 9.647858292735563834e-01
1.516717142249716321e+00 -4.110997518275444906e-01 9.497170865007211749e-01
1.528890370901024642e+00 -4.337950822676656659e-01 9.402219885647480346e-01
1.530561773625248367e+00 -4.487787150226407729e-01 9.282307074846822825e-01
1.520306859808204791e+00 -4.770519900758083409e-01 9.351411605510273617e-01
1.524456322992937096e+00 -4.912816608978898270e-01 9.222174742190596408e-01
1.524542785462063454e+00 -5.074923830142278325e-01 9.086624481004452747e-01
1.520408526092535295e+00 -5.396223989611390603e-01 8.905622092534405398e-01
1.514919349230610113e+00 -5.549348974621948205e-01 8.840845534638149816e-01
1.504245758959777968e+00 -5.690416530547324214e-01 8.846934336003170474e-01
1.504568827968247424e+00 -6.058478241239839690e-01 8.339001608422017542e-01
1.506020732834043807e+00 -6.126586313007402751e-01 8.300561246252364800e-01
1.492410514514723507e+00 -6.459824884615177343e-01 8.205253672125747411e-01
1.488405532615976856e+00 -6.703985106477520217e-01 7.790547404041328061e-01
1.487604544804436824e+00 -6.823791536771200983e-01 7.781239360906503366e-01
1.473817496604329591e+00 -7.037332886626632700e-01 7.576042634276147769e-01
1.473069679810443677e+00 -7.145115355676889823e-01 7.424517888256344511e-01
1.466624149974875113e+00 -7.298557354784038775e-01 7.153234504844753205e-01
1.447088656977966181e+00 -7.457890483831455253e-01 7.149381222932658098e-01
1.434453888671850752e+00 -7.573771249857902399e-01 6.997580804513352515e-01
1.429591376449819151e+00 -7.534313628696394094e-01 6.824627107236644896e-01
1.410278941651463169e+00 -7.662617287225270690e-01 6.556056488771619950e-01
1.398563693721648349e+00 -7.689568290038091281e-01 6.429195743171620681e-01
1.391710611389471275e+00 -7.711086474426495085e-01 6.395568671314081355e-01
1.369035924463088749e+00 -7.792077573703303228e-01 6.193633086700714996e-01
1.344994063655025940e+00 -7.877383924632157530e-01 6.008315402105781633e-01
1.331170840434747760e+00 -7.901350796976305269e-01 5.892537614512548538e-01
1.326073458489138490e+00 -7.974370279977571752e-01 5.889026855058870913e-01
1.300861517722904148e+00 -8.061787219232998680e-01 5.630152693773474715e-01
1.276592117201929000e+00 -8.136961130648722174e-01 5.472181305313901234e-01
1.257067938601833745e+00 -8.232936248022888481e-01 5.467829239805994668e-01
1.218440753868522908e+00 -8.285631933366547353e-01 5.256608833450343576e-01
1.201181090929704265e+00 -8.322848423527916539e-01 5.196291488682910353e-01
1.183311193673310058e+00 -8.400979235072303375e-01 5.217713366875553760e-01
1.155060755422162133e+00 -8.486982928939205140e-01 5.194111036695645556e-01
1.135170594229951924e+00 -8.493755824213959915e-01 5.098085728401101635e-01
1.098042203846179454e+00 -8.554144921504507337e-01 4.991848356782135898e-01
1.086168954361705907e+00 -8.672608838957374111e-01 5.136044797991028421e-01
1.052964856180657494e+00 -8.803011646392698841e-01 5.075450425504427487e-01
1.028749226225813551e+00 -8.736842055694018505e-01 4.930841105225515220e-01
9.978551464499446633e-01 -8.895518895624987543e-01 5.026052370673506076e-01
9.840927682302880175e-01 -8.954812585446694229e-01 5.048445252860430665e-01
9.517543476268157665e-01 -9.033475684959930696e-01 5.027600579436871664e-01
9.252705333002533283e-01 -9.124127701845837768e-01 5.085976248738571792e-01
9.115872542342100537e-01 -9.194642897000141479e-01 5.200783414120735415e-01
8.927583221814650027e-01 -9.286068050880400548e-01 5.319298936993136495e-01
8.684541063069096678e-01 -9.321315169962234304e-01 5.327397999889003088e-01
8.391526635005530643e-01 -9.290434463631557227e-01 5.266352763669158721e-01
8.107483214914985581e-01 -9.318500380205771982e-01 5.415859064168047077e-01
7.992173936222880526e-01 -9.320230456962401711e-01 5.478434061129338062e-01
7.662276044622126081e-01 -9.296669835773192503e-01 5.600444435190885528e-01
7.555837246336198909e-01 -9.265795270668186756e-01 5.618514555610187866e-01
7.294536675278042726e-01 -9.173700807497933152e-01 5.739502854406598464e-01
7.143078039351098418e-01 -9.120551718917944140e-01 5.817997105770209565e-01
6.831978779624355846e-01 -9.121867753209507157e-01 6.003342919258092270e-01
6.675112245786187781e-01 -9.111888585369811722e-01 6.078815972539002299e-01
6.360290607742221658e-01 -8.945706754222638724e-01 6.178312400986667452e-01
6.191904661833216306e-01 -8.922296564256659845e-01 6.265459630203318309e-01
5.878283861258535303e-01 -8.862740250272383991e-01 6.428323036820460246e-01
5.667665980595799624e-01 -8.822503832158619108e-01 6.520998869496326122e-01
5.495868611447998209e-01 -8.769126512308169641e-01 6.618375953790073263e-01
5.264821585374929169e-01 -8.655946291794699432e-01 6.816380845188827475e-01
5.041142041239685678e-01 -8.611407780717860172e-01 6.916817409099307312e-01
4.796318388390562459e-01 -8.524846581029823511e-01 7.088305841288957687e-01
4.626876810781811455e-01 -8.461482620205009741e-01 7.182974727055397857e-01
4.506378493346644420e-01 -8.389731510655755731e-01 7.291188177952095950e-01
4.421725589362957565e-01 -8.352559296725124982e-01 7.402731402672049210e-01
4.163028817190861375e-01 -8.214418743678542079e-01 7.574514010149876464e-01
4.070475110487464798e-01 -8.147624056154380012e-01 7.649631070294011792e-01
3.954370867505894727e-01 -8.085743651503674023e-01 7.762622161341864446e-01
3.820638969790056683e-01 -7.972358195384013912e-01 7.946046640313143561e-01
3.697870278248556741e-01 -7.865859384162959822e-01 8.029883369761801060e-01
3.601512336257681191e-01 -7.796711378371790069e-01 8.127908730392152670e-01
3.559769208904185467e-01 -7.741872276582540957e-01 8.218292185276893091e-01
3.490230580673454042e-01 -7.688854770945030559e-01 8.326273130173885706e-01
3.414870847092623118e-01 -7.637871161333915637e-01 8.416779480435158112e-01
3.256145014043703156e-01 -7.540737827755408240e-01 8.572939164471102824e-01
3.191154259922686087e-01 -7.489278129407819229e-01 8.682133848846224078e-01
3.084015632952316621e-01 -7.462117943167446699e-01 8.750861039280245501e-01
3.049725592160499321e-01 -7.391843234568460375e-01 8.811729961406342682e-01
2.944031466240599748e-01 -7.384869100017921184e-01 8.866331938948436298e-01
2.786527557192690630e-01 -7.351470187293578373e-01 8.905703413083874143e-01
2.779524602187430360e-01 -7.338774221315795820e-01 8.997970522896913126e-01
2.645498549495315377e-01 -7.377814828440665273e-01 9.078900689900509802e-01
2.640282651647621881e-01 -7.301080306847617107e-01 9.106563793910885662e-01
2.679090200088730112e-01 -7.269734752548988599e-01 9.172555808444161629e-01
2.628051556026784752e-01 -7.305809693420736162e-01 9.258645162390547467e-01
2.637708495902961747e-01 -7.299695535656858247e-01 9.331477178513648552e-01
2.639772658913314696e-01 -7.232169743451968280e-01 9.319598186475949175e-01
2.580295875508554215e-01 -7.239335886931863584e-01 9.407469378042941921e-01
2.638966395809724252e-01 -7.210782488212651442e-01 9.477391028954249563e-01
2.623922182175881246e-01 -7.231464545663665033e-01 9.540669429262382817e-01
2.660648140774412029e-01 -7.177802863225376528e-01 9.654682933348018858e-01
2.543919544989065584e-01 -7.152401557428723633e-01 9.738476549255667969e-01
2.529086782429411651e-01 -7.127391103562381591e-01 9.783003532968772564e-01
2.573876969665662706e-01 -7.120476180812681521e-01 9.840050814377504507e-01
2.535327028552589734e-01 -7.084069098710782386e-01 9.867839903634638699e-01
2.513024764132275046e-01 -7.077460754308376734e-01 9.943337882888337864e-01
2.507304197273971247e-01 -7.078013862863481442e-01 9.997002941992223501e-01
2.479995496868934168e-01 -7.055771195636286741e-01 1.005047442540665248e+00
2.474475106598670870e-01 -7.052124533759320801e-01 1.008699541093609042e+00
2.441764280732723336e-01 -7.042844146572613262e-01 1.015152944787361289e+00
2.466939681577128840e-01 -7.041808676933719591e-01 1.022752499630443346e+00
2.466309496720346939e-01 -6.991322784537898904e-01 1.024570451766146251e+00
2.427058093726335297e-01 -6.939723587370900670e-01 1.030168601937099471e+00
2.422586180509425091e-01 -6.925274362501054881e-01 1.034067512576628989e+00
2.450329201347102859e-01 -6.912377447588170520e-01 1.037051696286475755e+00
2.412736739137807118e-01 -6.867157357248137028e-01 1.043025610356894450e+00
2.422165209081393600e-01 -6.816652828869188552e-01 1.049642009253207275e+00
2.442541205026885487e-01 -6.812762280970428019e-01 1.054231445159274028e+00
2.369377705401379819e-01 -6.782911356761583965e-01 1.059761785220903807e+00
2.390543918153371084e-01 -6.745513284780266794e-01 1.064470437532994529e+00
2.373434992934615462e-01 -6.692420642108620754e-01 1.068848863078835976e+00
2.310052503870437812e-01 -6.698431141537186662e-01 1.073267974642726719e+00
2.298039927985808528e-01 -6.661479769047488064e-01 1.075474969086394061e+00
2.346889157285773908e-01 -6.616486571823976259e-01 1.079886293822042154e+00
2.329650641876847006e-01 -6.592820054718224743e-01 1.085533241900524359e+00
2.301304356671204088e-01 -6.587370810246662156e-01 1.086713871839821710e+00
2.269880690601893958e-01 -6.540439620490519079e-01 1.092592606651420883e+00
2.274306156357811526e-01 -6.504507925471785246e-01 1.094822898563846625e+00
2.284385539923423358e-01 -6.482770457743139980e-01 1.096840056620688397e+00
2.283206902953853479e-01 -6.442890142969656120e-01 1.099683452821757834e+00
2.314861772038576959e-01 -6.428023357579368824e-01 1.103916470407443784e+00
2.318983490428500327e-01 -6.389838583111264736e-01 1.108426669875318016e+00
2.320391529023841937e-01 -6.327904121201208820e-01 1.113231955228489722e+00
2.362482675947373267e-01 -6.286712073659419531e-01 1.112791340105476978e+00
2.393166557491565039e-01 -6.247100393170439414e-01 1.117424221046605659e+00
2.380594242204805422e-01 -6.197453264178296450e-01 1.115765589823676684e+00
2.419666775771895650e-01 -6.177306800060813341e-01 1.119608561072637620e+00
2.485797725601257835e-01 -6.147896644548305201e-01 1.124568880791758207e+00
2.563560825955888967e-01 -6.110486150543874562e-01 1.126575113276579110e+00
2.571594471715739627e-01 -6.040660243857363110e-01 1.125602261763462009e+00
2.620889148966208393e-01 -6.033355256704533431e-01 1.130476118889808479e+00
2.608590103372958047e-01 -5.988098649673934126e-01 1.131939887363219821e+00
2.675990353318658532e-01 -5.982772968956827642e-01 1.135602533902175137e+00
2.779063355686624548e-01 -5.943128340854564318e-01 1.141414191800952604e+00
2.809824666191325093e-01 -5.906061160905391461e-01 1.140288859490081963e+00
2.769397886670910136e-01 -5.882386497085255739e-01 1.143660656533700415e+00
2.791829684229930608e-01 -5.818624017218192446e-01 1.144131010104180390e+00
2.875682675901485297e-01 -5.795373170283509845e-01 1.148424727202898232e+00
2.945771427440043166e-01 -5.743778643871927381e-01 1.149768289526941434e+00
2.961490444911744624e-01 -5.672740689781463619e-01 1.147174819542399637e+00
3.008501771473334196e-01 -5.697008022912477543e-01 1.151597052106198893e+00
3.052620729761660878e-01 -5.719717131478033734e-01 1.156943235045052365e+00
3.051458498090169891e-01 -5.629907809485736880e-01 1.157450818665162862e+00
3.114926643162060360e-01 -5.572803625355680079e-01 1.160767356967016939e+00
3.198934027189870299e-01 -5.584108803643335062e-01 1.165851145295958347e+00
3.210409832955791187e-01 -5.569619379674568549e-01 1.169808297312867396e+00
3.231543886643375441e-01 -5.503702920823793088e-01 1.164508213552091220e+00
3.232036187019639573e-01 -5.473875815295444758e-01 1.168961256381793934e+00
3.206253515780121965e-01 -5.471604064018108504e-01 1.173172512930794165e+00
3.294726456233512679e-01 -5.431997085008375414e-01 1.175622759237794357e+00
3.312176560315704399e-01 -5.415044458432702879e-01 1.177570328663066768e+00
3.317298792692318088e-01 -5.411807678140215794e-01 1.175990207208718719e+00
3.405019026839692931e-01 -5.383375613788003999e-01 1.180367475956562995e+00
3.524655381431868184e-01 -5.393856846931089910e-01 1.184664196826581639e+00
3.497442047972515455e-01 -5.424371062164832225e-01 1.182001219697618843e+00
3.551677770521246558e-01 -5.379976909849432110e-01 1.183012392732418983e+00
3.635867493771927084e-01 -5.363174290025682911e-01 1.189593087352021517e+00
3.608972566019004735e-01 -5.381005436679965337e-01 1.188468019725875680e+00
3.596961998667337346e-01 -5.351469172790241924e-01 1.187483707197312555e+00
3.704051410229633468e-01 -5.363594841063992202e-01 1.193289443939600458e+00
3.754123618698267384e-01 -5.391298938384307959e-01 1.195513702659840138e+00
3.761672195099529104e-01 -5.322169482421699183e-01 1.185019358810011081e+00
3.747332402222754433e-01 -5.349454330329187490e-01 1.191733297321662111e+00
3.797826679777858705e-01 -5.332082215722637741e-01 1.189463455929379077e+00
3.869361722327986919e-01 -5.350251184192031939e-01 1.187751309704106140e+00
3.932602755203831735e-01 -5.385500285320059533e-01 1.189353205385525136e+00
4.011327546434479974e-01 -5.396049816041239566e-01 1.189877096074857477e+00
4.051115101999954726e-01 -5.419761643110605487e-01 1.187867009696745413e+00
4.053892026828676554e-01 -5.414116122132749398e-01 1.180018731703624368e+00
4.159295248672588707e-01 -5.469965153392130075e-01 1.181589481842128642e+00
4.262239173507729184e-01 -5.525568392930511052e-01 1.180945795484213079e+00
4.257840224667883700e-01 -5.542968845304605541e-01 1.173165692306711083e+00
4.310557634309097885e-01 -5.578955471166548996e-01 1.173504874548200849e+00
4.380868144342440762e-01 -5.636913907747966856e-01 1.169904371139920407e+00
4.430260436011582148e-01 -5.665059452305263310e-01 1.165457007353770891e+00
4.478402224494671957e-01 -5.665923995775987709e-01 1.159715500211142558e+00
4.505621603340110859e-01 -5.729471316350893684e-01 1.154874559199125628e+00
4.560015386860139519e-01 -5.823421367916346014e-01 1.148915673381349478e+00
4.610550753682743363e-01 -5.827467843282501114e-01 1.142463818351823868e+00
4.719577293989077882e-01 -5.880415756590946508e-01 1.141309447324907911e+00
4.680593838116794414e-01 -5.911282719288327714e-01 1.132266446134368110e+00
4.717899528763794814e-01 -6.029305506415312266e-01 1.126164901866640422e+00
4.720082868822902955e-01 -6.087285478592610044e-01 1.115873711591637951e+00
4.777982488065866673e-01 -6.152646514481294737e-01 1.108395587085576839e+00
4.785785904698787729e-01 -6.239816858316817871e-01 1.101917403355598069e+00
4.840771995735969613e-01 -6.269085566222376560e-01 1.091017450539774725e+00
4.859808002307114960e-01 -6.330121953144506319e-01 1.079391014584229147e+00
4.910487081706764179e-01 -6.442880170483085145e-01 1.074229096389691662e+00
4.887699842854809629e-01 -6.510500427615737440e-01 1.059370614871524507e+00
4.850749729274885791e-01 -6.506854992553412487e-01 1.044071814684441435e+00
4.902859428579128820e-01 -6.655398507396528274e-01 1.037685065529104556e+00
4.901571466503606977e-01 -6.625048692323328714e-01 1.024164897435300148e+00
4.916230602306134734e-01 -6.668742916685499456e-01 1.017383387091017388e+00
4.927286283876648465e-01 -6.737129934702182910e-01 1.004517877090224331e+00
4.900401962941027811e-01 -6.796588294768617367e-01 9.887051253168956944e-01
4.912409211026345646e-01 -6.859858230870707896e-01 9.567166885975542101e-01
4.854753325141246689e-01 -6.927973700505262178e-01 9.472271958602636044e-01
4.815880886681358497e-01 -6.973249177336833249e-01 9.416739852251332366e-01
4.720706810334705517e-01 -7.074386700306237730e-01 9.267151350211205729e-01
4.664075002547550808e-01 -7.075768963242017318e-01 9.037392002444699646e-01
4.639531178908468112e-01 -7.107795858288888935e-01 8.961317674538148426e-01
4.562388508743853155e-01 -7.107335357434986234e-01 8.796089913035483043e-01
4.375111642880921137e-01 -7.223709029074770749e-01 8.608237194022403393e-01
4.271587132168193635e-01 -7.194303965174155824e-01 8.444142353013532887e-01
4.099763625821359336e-01 -7.290795677375507822e-01 8.315640722127407569e-01
4.022584080374010940e-01 -7.298299763479105806e-01 8.187808575239376996e-01
3.894619322092248703e-01 -7.377968053470802534e-01 8.087564463100456180e-01
3.886104951168754540e-01 -7.249082188225415280e-01 7.883350236324447868e-01
3.613081722182662769e-01 -7.277278979039268902e-01 7.596993307410792040e-01
3.436639876881384392e-01 -7.296872914513237163e-01 7.455661687104928603e-01
3.292876993016086717e-01 -7.298519756630570399e-01 7.320704841610994329e-01
3.041843771020604215e-01 -7.320854589854123295e-01 7.047467944723995181e-01
2.900777623028807928e-01 -7.386086343383831965e-01 6.952516022568886456e-01
2.712918647939837613e-01 -7.377743472353311960e-01 6.801830265638071360e-01
2.390948854184402339e-01 -7.404793865127498043e-01 6.504463560352572449e-01
2.305708208597663511e-01 -7.385667193779086315e-01 6.371570204099673562e-01
2.302189839913028613e-01 -7.455897238704299879e-01 6.221287430442291599e-01
2.050386305389418351e-01 -7.441724837940471016e-01 5.931818744997002790e-01
1.870003494023751989e-01 -7.434482724351285654e-01 5.842241838746554672e-01
1.731596321794091065e-01 -7.426403068774765082e-01 5.543820112540978062e-01
1.694558231669731629e-01 -7.490082912898536893e-01 5.433259713261816559e-01
1.627271815778933428e-01 -7.446696568987437592e-01 5.298169121008657889e-01
1.437958698565465210e-01 -7.430101872210794767e-01 5.035517610128951160e-01
1.355182856569629724e-01 -7.460983253862266684e-01 4.891174571606244914e-01
1.306029430872290842e-01 -7.460978450727356881e-01 4.752582359966195935e-01
1.161527957375201175e-01 -7.539404707865778876e-01 4.447335535772504178e-01
1.035838313115669124e-01 -7.516686209166423271e-01 4.296706664448980417e-01
7.846670108676366551e-02 -7.409644703917316333e-01 4.001869251429046592e-01
7.148403765452759906e-02 -7.455580182740076944e-01 3.871208417846723204e-01
5.770164820632275871e-02 -7.531415133072710821e-01 3.624726225737733842e-01
4.443001657805535631e-02 -7.512039151146370219e-01 3.509681161851369580e-01
2.941371035309405663e-02 -7.442043249650480696e-01 3.383824731673470421e-01
1.355143526288409700e-02 -7.417735547321162581e-01 3.172773585082492853e-01
3.338667496531735890e-03 -7.444536379604717036e-01 2.964164226129727409e-01
-7.187403337856466956e-03 -7.355182349497607630e-01 2.885872336835147989e-01
-2.442808321187862203e-02 -7.329232346940951492e-01 2.721348317780996617e-01
-3.468438548188741005e-02 -7.366665628427874202e-01 2.615765099998825782e-01
-4.347435558603689187e-02 -7.387493297013435489e-01 2.552711831070499371e-01
-6.427257914888506729e-02 -7.223013030120006839e-01 2.465376281948295500e-01
-7.489927518026423536e-02 -7.319475562577476557e-01 2.370109943229887772e-01
-7.815082555675437193e-02 -7.301846554672711820e-01 2.336822890278577869e-01
-1.041825528556592495e-01 -7.185712183117092255e-01 2.230679182008063477e-01
-1.259770662392999951e-01 -7.134162508418033788e-01 2.163287786228235421e-01
-1.352105766984187940e-01 -7.168766296311230857e-01 2.109875302791526797e-01
-1.525941802248532986e-01 -7.119572023930329507e-01 2.023220067805118483e-01
-1.794210898164918799e-01 -7.002332943252770336e-01 1.940897365727710933e-01
-2.007170450529187633e-01 -6.955534277032818791e-01 1.817377971899304390e-01
-2.100686632863873471e-01 -7.004816376651170629e-01 1.739295597382948810e-01
-2.294686478375561056e-01 -6.930666469875484959e-01 1.610140884717263243e-01
-2.494563164241601905e-01 -6.807666466751729484e-01 1.471752037768641608e-01
-2.511169135521461593e-01 -6.860078054148533999e-01 1.389679084180679702e-01
-2.644912896251406798e-01 -6.883020049081630676e-01 1.242696535781045025e-01
-2.798426438503840430e-01 -6.690391190024869150e-01 1.138290881770919472e-01
-2.886359223192916934e-01 -6.668986675169303879e-01 1.066316187648804342e-01
-2.952287683430878107e-01 -6.710325675779429400e-01 9.329487784506500236e-02
-2.974473687710621483e-01 -6.704897613662441636e-01 8.258782713938912778e-02
-2.985423854020381462e-01 -6.669785127765144317e-01 7.176876662292031028e-02
-2.953925545762760563e-01 -6.672898439287978656e-01 6.293075548206109038e-02
-2.910399847105200055e-01 -6.641421339600003249e-01 4.777398137622768104e-02
-2.860562412719669378e-01 -6.632201583562511438e-01 4.543963602114462624e-02
-2.783453393259781028e-01 -6.611818434264989941e-01 2.163150502189919999e-02
-2.737772995368683571e-01 -6.617482587579538444e-01 2.775714664925002517e-03
-2.659042669912095036e-01 -6.581407222629273024e-01 -6.077835419944353779e-03
-2.502768898377757401e-01 -6.539516189305984994e-01 -2.121197414854955610e-02
-2.515311629085569267e-01 -6.470555978171415035e-01 -4.587238860109212751e-02
-2.411359229194197651e-01 -6.472638371529859658e-01 -5.277702293671823058e-02
-2.225671389405643741e-01 -6.380390231597475870e-01 -6.536219440281534898e-02
-2.116108574074984927e-01 -6.350623473562834187e-01 -8.717791941616412354e-02
-2.194850573227036250e-01 -6.299192972271092650e-01 -9.984305422991995860e-02
-2.103382605738817746e-01 -6.315511003700825521e-01 -1.148461076343741255e-01
-2.024492360462798457e-01 -6.274235416113114194e-01 -1.195744925663881492e-01
-2.030648541771073456e-01 -6.261130068442763985e-01 -1.402717713489791684e-01
-2.137422647460136271e-01 -6.250246946899369327e-01 -1.592834442435129283e-01
-2.063609151269225339e-01 -6.137992821453265302e-01 -1.624022525251421767e-01
-2.070522729213936930e-01 -6.146499866941441681e-01 -1.767104464023688537e-01
-2.154647686104302351e-01 -6.224199338657734337e-01 -1.871953129868657029e-01
-2.175252634296312160e-01 -6.234893646292233305e-01 -1.953689435642759487e-01
-2.265741162795202046e-01 -6.108752598446473003e-01 -2.020429506854881374e-01
-2.308965099449135361e-01 -6.138576537895921170e-01 -2.114941267989554341e-01
-2.348551895867472539e-01 -6.137629372829789265e-01 -2.200302467625315506e-01
-2.523109553660787263e-01 -6.112991824785826145e-01 -2.267802050350050669e-01
-2.522238908149987968e-01 -6.177124774249675987e-01 -2.291671106665437718e-01
-2.433292557347842000e-01 -6.304110228947477079e-01 -2.341885818715399581e-01
-2.475457308464227013e-01 -6.345729094976860774e-01 -2.322519742277427413e-01
-2.636959087202122576e-01 -6.287298033377866080e-01 -2.413765245704758422e-01
-2.561009431515958723e-01 -6.455933717372238645e-01 -2.400683667635608587e-01
-2.672015326049412831e-01 -6.495753646353856769e-01 -2.390434665972739903e-01
-2.575654968490533325e-01 -6.375769945239594394e-01 -2.458745254205846609e-01
-2.552336550663849013e-01 -6.294107599736982195e-01 -2.358021538909041426e-01
-2.693145882840565775e-01 -6.329001020759896790e-01 -2.307836964978469962e-01
-2.656860899897491302e-01 -6.723432514440654817e-01 -2.305809447508325449e-01
-2.453832648227967372e-01 -6.201123082112516283e-01 -2.208804092058400670e-01
-2.740934231263431053e-01 -6.453867710769038979e-01 -2.173686453026473508e-01
-2.713972836098656471e-01 -6.044386673707505819e-01 -2.368602978237337731e-01
-2.593316400590439663e-01 -6.552290681000143557e-01 -2.149197624466764045e-01
-3.058860890385316500e-01 -6.531646793936450868e-01 -2.109305501516433590e-01
-3.182205490554028682e-01 -6.649990155078943088e-01 -2.042027854322407132e-01
-3.306123127942253714e-01 -6.765452416164852156e-01 -1.857473980843001027e-01
-3.236672451592132460e-01 -6.744974834220794913e-01 -1.790552397328668555e-01
-3.308822427139360700e-01 -6.681233841387121952e-01 -1.782071521756914967e-01
-3.623513727378858129e-01 -6.743632371989879415e-01 -1.608956902142631984e-01
-3.531949154643685418e-01 -6.821663448033875587e-01 -1.483695968741639282e-01
-3.723233085769583339e-01 -6.614476769939131584e-01 -1.264812782460408846e-01
-3.663651653212829928e-01 -6.723272771400287118e-01 -1.172254664339296981e-01
-3.675626350178224366e-01 -6.666101545286544638e-01 -1.067364467960943281e-01
-3.826331513787989969e-01 -6.601752721637791366e-01 -9.458607728556621408e-02
-3.736302050808206210e-01 -6.735229752969587036e-01 -8.704592296939815677e-02
-3.743686700388541566e-01 -6.792987010195776776e-01 -7.498222200303344964e-02